1520458
1520459
1520460
1520461
1520462
1520464
1520465
1520466
1520467
1520468
1520470
1520471
1520472
1520473
1520474
1520475
1520476
1520477
1520479
1520480
1520481
1520482
1520483
1520484
1520485
1520486
1520487
1520488
1520489
1520490
1520491
1520492
1520493
1520494
1520495
1520496
1520497
1520498
1520499
1520500
1520501
1520502
1520503
1520504
1520505
1520507
1520609
1520610
1520611
1520612
1520613
1520614
1520615
1520616
1520617
1520618
1520619
1520620
1520621
1520622
1520623
1520624
1520625
1520626
1520627
1520629
1520630
1520631
1520632
1520633
1520634
1520635
1520636
1520637
1520638
1520639
1520640
1520641
1520642
1520643
1520644
1520645
1520646
1520647
1520648
1520649
1520650
1520651
1520652
1520653
1520654
1520655
1520656
1520657
1520658
1520659
1520660
1520661
1520662
1520663
1520664
1520665
1520666
1520667
1520668
1520669
1520670
1520671
1520672
1520673
1520674
1520675
1520676
1520677
1520678
1520679
1520680
1520681
1520682
1520683
1520684
1520685
1520686
1520687
1520688
1520689
1520690
1520691
1520692
1520693
1520694
1520695
1520696
1520697
1520698
1520699
1520700
1520701
1520702
1520703
1520704
1520705
1520706
1520707
1520708
1520709
1520508
1520509
1520510
1520511
1520512
1520513
1520514
1520515
1520516
1520517
1520518
1520519
1520520
1520521
1520522
1520523
1520524
1520525
1520526
1520527
1520528
1520529
1520530
1520531
1520533
1520534
1520535
1520536
1520537
1520538
1520539
1520540
1520541
1520542
1520543
1520544
1520545
1520546
1520547
1520548
1520549
1520550
1520551
1520552
1520553
1520554
1520555
1520556
1520557
1520558
1520559
1520560
1520561
1520562
1520563
1520564
1520565
1520566
1520567
1520568
1520569
1520570
1520571
1520572
1520573
1520574
1520575
1520576
1520577
1520578
1520579
1520580
1520581
1520582
1520583
1520584
1520585
1520586
1520587
1520588
1520589
1520590
1520591
1520592
1520593
1520594
1520595
1520596
1520597
1520598
1520599
1520600
1520601
1520602
1520603
1520604
1520605
1520606
1520607
1520608
150714
150715
1518703
1518704
1518705
1518707
1518708
1518709
1518710
1518712
1518713
1518714
1518715
1518717
1518718
1518719
1518720
1518722
1518723
1518724
1518726
1518727
1518728
1518730
1518731
1518732
1518733
1518735
1518736
1518737
1518738
1518740
1518741
1518742
1518744
1518745
1518746
1518748
1518749
1518750
1518752
1518753
1518754
1518756
1518757
1518758
1518759
1518761
1518762
1518763
1518765
1518766
1518767
1518768
1518770
1518771
1518772
1518774
1518775
1518776
1518778
1518779
1518780
1518782
1518783
1518784
1518786
150709
150710
150711
150712
150713
1753328
1753329
1753330
1753332
1753333
1753334
1753336
1753337
1753338
1753340
1753341
1753342
1753343
1753345
1753346
1753347
1753349
1753350
1753351
1753353
1753354
1753355
1753357
1753358
1753359
1753361
1753362
1753363
1753365
1753366
1753367
1753369
1753370
1753371
1753373
1753374
1753375
1753376
1753378
1753379
1753380
1754104
1754105
1754106
1754107
1754108
1754109
1754110
1754111
1754112
1754113
1754114
1754115
1754116
1754117
1754118
1754119
1754120
1754121
1754122
1754123
1754124
1754125
1754126
1754127
1754128
1754129
1754130
1754131
1754132
1754133
1754134
1754135
1754136
1754137
1754138
1754139
1754140
1754141
1754142
1754144
1754145
1754146
1754147
1754148
1754149
1754150
1754151
1754152
1754153
1754154
1754155
1754156
1754157
1754158
1754159
1754160
1754161
1754162
1754163
1754164
1754166
1754167
1754168
1754169
1754170
1754171
1754172
1754173
1754174
1754175
1754176
1754177
1754178
1754179
1754180
1754181
1754182
1754183
1754184
1754185
1754186
1754187
1754188
1754189
1754191
1754192
1754193
1754195
1754197
1754199
1754201
1754202
1754204
1754206
1754208
1754210
1754212
1754214
1754216
1754217
1754003
1754004
1754005
1754006
1754007
1754008
1754009
1754010
1754011
1754012
1754013
1754014
1754015
1754016
1754017
1754018
1754019
1754020
1754021
1754022
1754023
1754024
1754025
1754026
1754027
1754028
1754029
1754030
1754031
1754032
1754033
1754034
1754035
1754036
1754037
1754038
1754039
1754040
1754041
1754042
1754043
1754044
1754045
1754046
1754047
1754048
1754049
1754050
1754051
1754052
1754053
1754054
1754056
1754057
1754058
1754059
1754060
1754061
1754062
1754063
1754064
1754065
1754066
1754067
1754068
1754069
1754070
1754071
1754072
1754073
1754074
1754075
1754076
1754077
1754078
1754079
1754080
1754081
1754082
1754083
1754084
1754085
1754086
1754087
1754088
1754089
1754090
1754091
1754092
1754093
1754094
1754095
1754096
1754097
1754098
1754099
1754100
1754101
1754102
1754103
1753891
1753892
1753893
1753894
1753895
1753896
1753897
1753898
1753899
1753901
1753902
1753903
1753904
1753906
1753907
1753908
1753909
1753910
1753911
1753912
1753914
1753915
1753916
1753917
1753918
1753919
1753920
1753921
1753922
1753924
1753925
1753926
1753927
1753928
1753929
1753930
1753932
1753933
1753935
1753936
1753938
1753939
1753940
1753942
1753943
1753944
1753946
1753947
1753948
1753949
1753951
1753952
1753953
1753954
1753956
1753957
1753959
1753960
1753961
1753962
1753963
1753964
1753965
1753966
1753967
1753968
1753969
1753970
1753971
1753972
1753973
1753974
1753975
1753976
1753977
1753978
1753979
1753980
1753981
1753982
1753983
1753984
1753985
1753986
1753987
1753988
1753989
1753990
1753991
1753992
1753993
1753994
1753995
1753996
1753997
1753998
1753999
1754000
1754001
1754002
169060
169061
169062
169063
169065
169066
169067
169068
169069
169071
169072
169074
169076
169078
169082
169088
169093
169097
169103
169107
169111
169113
169116
169117
169118
169119
169120
169123
169126
169133
169140
169143
169150
169156
169159
169163
169166
169173
169179
169184
169187
169191
169194
169197
169199
169202
169203
169205
169206
169209
169215
169221
169225
169229
169233
169240
169243
169250
169255
169261
169268
169274
169279
169284
169291
169294
169299
169305
169309
169312
169320
169327
169335
169340
169346
169365
169369
169372
169378
169382
169393
169396
169399
169407
169414
169426
169431
169435
169441
169445
169452
169459
169467
169474
169480
169488
169494
169500
169506
169512
169515
169517
169518
169520
169522
169524
169526
169528
169532
169535
1754219
1754221
1754222
1754224
1754226
1754227
1754228
1754229
1754230
1754231
1754232
1754233
1754234
1754235
1754236
1754237
1754238
1753382
1753383
1753384
1753386
1753387
1753388
1753390
1753392
1753393
1753394
1753396
1753397
1753398
1753400
1753401
1753402
1753404
1753405
1753406
1753408
1753409
1753410
1753412
1753413
1753414
1753415
1753417
1753418
1753419
1753421
1753422
1753423
1753424
1753426
1753427
1753428
1753430
1753431
1753432
1753434
1753435
1753436
1753438
1753439
1753440
1753441
1753443
1753444
1753445
1753447
1753448
1753449
1753451
1753452
1753453
1753454
1753456
1753457
1753458
1753459
1753461
1753462
1753464
1753465
1753466
1753468
1753469
1753470
1753472
1753473
1753474
1753476
1753477
1753478
1753480
1753481
1753482
1753484
1753485
1753486
1753488
1753489
1753490
1753491
1753492
1753494
1753495
1753496
1753498
1753499
1753500
1753502
1753503
1753504
1753505
1753507
1753508
1753509
1753511
1753512
1753513
1753514
1753516
1753517
1753518
1753520
1753521
1753522
1753524
1753525
1753526
1753527
1753529
1753530
1753531
1753532
1753534
1753535
1753536
1753538
1753539
1753541
1753542
1753543
1753545
1753546
1753547
1753548
1753550
1753551
1753552
1753554
1753555
1753556
1753557
1753559
1753560
1753561
1753563
1753564
1753565
1753567
1753568
1753569
1753571
1753572
1753573
1753574
1753576
1753577
1753578
1753580
1753581
1753583
1753584
1753585
1753587
1753588
1753589
1753590
1753592
1753593
1753594
1753596
1753597
1753598
1753600
1753601
1753602
1753604
1753605
1753606
1753607
1753609
1753610
1753611
1753613
1753614
1753615
1753616
1753618
1753619
1753620
1753622
1753623
1753625
1753627
1753628
1753629
1753631
1753632
1753633
1753635
1753636
1753637
1753638
1753640
1753641
1753642
1753643
1753645
1753646
1753647
1753649
1753650
1753651
1753653
1753654
1753655
1753657
1753658
1753659
1753661
1753662
1753663
1753665
1753666
1753667
1753669
1753670
1753671
1753673
1753674
1753675
1753677
1753678
1753679
1753681
1753682
1753683
1753685
1753686
1753687
1753688
1753689
1753691
1753692
1753693
1753695
1753696
1753697
1753699
1753700
1753701
1753703
1753704
1753706
1753707
1753709
1753711
1753712
1753714
1753715
1753716
1753718
1753719
1753720
1753721
1753723
1753724
1753725
1753848
1753849
1753850
1753851
1753852
1753853
1753855
1753856
1753857
1753858
1753859
1753860
1753862
1753863
1753864
1753865
1753866
1753867
1753869
1753870
1753871
1753872
1753873
1753874
1753876
1753877
1753878
1753879
1753880
1753881
1753882
1753883
1753884
1753885
1753886
1753887
1753888
1753889
1753890
1978944
1978945
1978946
1978947
1978948
1978950
1978951
1978952
1978953
1978955
1978956
1978957
1978958
1978960
1978961
1978962
1978963
1978965
1978966
1978967
1978969
1978970
1978971
1978972
1978974
1978975
1978976
1978977
1978979
1978980
1978981
1978983
1978984
1978985
1978986
1978988
1978989
1978990
1978991
1978992
1978994
1978995
1978996
1978997
1978999
1979000
1979001
1979003
1979004
1979005
1979006
1979008
1979009
1979010
1979011
1979013
1979014
1979016
1979017
1979018
1979019
1979020
1979022
1979023
1979024
1979025
1979027
1979028
1979029
1979030
1979031
1979033
1979034
1979035
1979037
1979038
1979039
1979041
1979042
1979043
1979044
1979046
1979047
1979048
1979049
1979050
1979052
1979053
1979054
191810
191813
191816
191820
191821
191822
191823
191673
191676
191679
191682
191685
191688
191690
191693
191697
191700
191703
191706
191708
191710
191712
191715
191719
191722
191726
191727
191728
191729
191730
191732
191733
191738
191740
191741
191743
191745
191749
191750
191751
191752
191753
191755
191758
191759
191761
191763
191766
191768
191770
191773
191774
191775
191776
191777
191778
191779
191780
191782
191786
191790
191793
191794
191795
191796
191800
191803
191805
191808
1979055
1979056
1979058
1979059
1979060
1979061
1979062
1979064
1979065
1979066
1979067
1979068
1979070
1979071
1979072
1979073
1979075
1979077
1979078
1979079
1979081
1979082
1979083
1979085
1979086
1979087
1979088
1979090
1979091
1979092
1979094
1979095
1979096
1979097
1979099
1979100
1979102
1979103
1979104
1979105
1979106
1979108
1979109
1979110
1979111
1979112
1979114
1979115
1979116
1979117
1979119
1979120
1979121
1979122
1979124
1979125
1979126
1979127
1979129
1979130
1979131
1979132
1979133
1979135
1979136
1979137
1979138
1979140
1979141
1979142
1979143
1979145
1979146
1979147
1979148
1979150
1979151
1979152
1979153
1979155
1979156
1979157
1979158
1979160
1979161
1979162
1979164
1979165
1979166
1979167
1979169
1979170
1979171
1979173
1979174
1979175
1979176
1979177
1979179
1979180
1979307
1979308
1979309
1979311
1979312
1979313
1979314
1979316
1979317
1979318
1979319
1979321
1979322
1979323
1979324
1979325
1979326
1979328
1979329
1979330
1979331
1979332
1979334
1979335
1979336
1979337
1979338
1979340
1979341
1979342
1979343
1979344
1979345
1979346
1979348
1979349
1979350
1979351
1979353
1979354
1979355
1979356
1979357
1979359
1979361
1979362
1979364
1979365
1979366
1979368
1979370
1979371
1979372
1979374
1979375
1979376
1979378
1979379
1979380
1979381
1979382
1979384
1979385
1979386
1979387
1979388
1979390
1979391
1979392
1979393
1979395
1979396
1979397
1979398
1979400
1979402
1979403
1979404
1979405
1979407
1979408
1979409
1979410
1979411
1979413
1979414
1979415
1979416
1979417
1979419
1979420
1979421
1979422
1979424
1979425
1979426
1979427
1979181
1979182
1979183
1979185
1979186
1979187
1979189
1979190
1979191
1979193
1979194
1979195
1979196
1979198
1979199
1979200
1979201
1979203
1979204
1979205
1979206
1979207
1979209
1979210
1979211
1979213
1979214
1979215
1979217
1979218
1979219
1979221
1979222
1979223
1979225
1979226
1979227
1979229
1979230
1979232
1979233
1979235
1979236
1979237
1979238
1979239
1979240
1979242
1979243
1979244
1979245
1979247
1979248
1979249
1979251
1979252
1979253
1979254
1979256
1979257
1979258
1979260
1979261
1979262
1979263
1979264
1979266
1979267
1979268
1979269
1979270
1979272
1979273
1979274
1979275
1979277
1979278
1979280
1979281
1979282
1979283
1979285
1979286
1979287
1979288
1979290
1979291
1979292
1979293
1979295
1979296
1979297
1979298
1979299
1979301
1979302
1979303
1979304
1979306
1979560
1979561
1979562
1979563
1979564
1979565
1979567
1979568
1979569
1979570
1979571
1979572
1979573
1979574
1979575
1979576
1979577
1979578
1979579
1979580
1979581
1979582
1979583
1979584
1979585
1979586
1979587
1979588
1979589
1979590
1979591
1979592
1979593
1979594
1979595
1979604
1979605
1979606
1979607
1979608
1979609
1979611
1979612
1979613
1979614
1979615
1979616
1979618
1979619
1979620
1979621
1979622
1979624
1979625
1979626
1979627
1979628
1979630
1979631
1979632
1979633
1979634
1979636
1979638
1979640
1979642
1979644
1979646
1979648
1979649
1979651
1979653
1979655
1979657
1979659
1979661
1979663
1979665
1979667
1979669
1979670
1979671
1979673
1979675
1979677
1979679
1979680
1979681
1979683
1979684
1979685
1979686
1979687
1979688
1979689
1979690
1979691
1979428
1979430
1979431
1979432
1979433
1979434
1979436
1979437
1979438
1979439
1979444
1979445
1979446
1979447
1979448
1979450
1979451
1979452
1979453
1979454
1979456
1979457
1979458
1979459
1979484
1979485
1979486
1979487
1979488
1979489
1979490
1979491
1979492
1979493
1979494
1979495
1979496
1979497
1979499
1979500
1979501
1979502
1979503
1979504
1979505
1979506
1979507
1979508
1979509
1979510
1979512
1979513
1979514
1979515
1979516
1979517
1979518
1979519
1979520
1979521
1979522
1979524
1979525
1979526
1979527
1979528
1979529
1979530
1979531
1979532
1979533
1979534
1979535
1979536
1979537
1979538
1979539
1979540
1979541
1979542
1979543
1979544
1979545
1979547
1979549
1979550
1979551
1979552
1979553
1979554
1979555
1979556
1979557
1979558
1979559
1979692
1979693
1979694
1979695
1979696
1979697
1979698
1979700
1979701
1979702
1979703
1979704
1979705
1979706
1979707
1979709
1979710
1979711
1979712
1979713
1979714
1979715
1979716
1979717
1979718
1979719
1979720
1979721
1979723
1979724
1979725
1979744
1979745
1979746
1979747
1979748
1979749
1979750
1979751
1979752
1979753
1979754
1979755
1979756
1979757
1979758
1979759
1979760
1979761
1979762
1979763
1979764
1979765
1979766
1979767
1979768
1979769
1979770
1979771
1979772
1979773
1979774
1979775
1979776
1979777
1979778
1979779
1979780
1979781
1979782
1979783
1979784
1979785
1979786
1979787
1979788
1979789
1979790
1979791
1979792
1979793
1979794
1979795
1979796
1979797
1979798
1979799
1979800
1979801
1979802
1979803
1979804
1979805
1979806
1979807
1979808
1979809
1979810
1979811
1979812
1979813
1979814
1979815
1979816
1979817
1979818
1979819
1979820
1979821
1979822
1979823
1979824
1979825
1979826
1979827
1979828
1979829
1979830
1979831
1979832
1979833
1979834
1979835
1979836
1979837
1979838
1979839
1979840
1979841
1979842
1979843
1979844
1979845
1979846
1979847
1979848
1979849
1979850
1979851
1979852
1979853
1979854
1979855
1979856
1979857
1979858
1979859
1979860
1979861
1979862
1979863
1979864
1979865
1979866
1979867
1979868
1979869
1979870
1979871
1979872
1979873
1979874
1979875
1979876
1979877
1979878
1979879
1979880
1979881
1979882
1979883
1979884
1979885
1979886
1979887
1979888
1979889
1979890
1979891
1979892
1979893
1979894
1979895
1979896
1979897
1979898
1979899
1979900
1979901
1979902
1979903
1979904
1979905
1979906
1979907
1979908
1979909
1979910
1979911
1979912
1979913
1979914
1979915
1979916
1979917
1979918
1979919
1979920
1979921
1979922
1979923
1979924
1979925
1979926
1979927
1979928
1979929
1979930
1979931
1979932
1979933
1979934
1979935
1979936
1979937
1979938
1979939
1979940
1979941
1979942
1979943
1979944
1979945
1979946
1979947
1016160
1016647
1240631
1240632
1240634
1240635
1240636
1240638
1240639
1240640
1240642
1240644
1240645
1240646
1240648
1240649
1240650
1240651
1240653
1240654
1240656
1240657
1240658
1240659
1240661
1240662
1240664
1240665
1240666
1240668
1240669
1240670
1240672
1240673
1240674
1240675
1240676
1240678
1240679
1240680
1240682
1240683
1240684
1240686
1240687
1240688
1240690
1240691
1240692
1240693
1240695
1240696
1240697
1240698
1240700
1240701
1240702
1240704
1240705
1240706
1240708
1240710
1240711
1240712
1240714
1240715
1240716
1240718
1240719
1240720
1240722
1240723
1240724
1240726
1240727
1240728
1240730
1240731
1240732
1240734
1240735
1240736
1240738
1240739
1240741
1240742
1240744
1240745
1240746
1240747
1240749
1240750
1240751
1240752
1240754
1240755
1240756
1240758
1240759
1240760
1240762
1240763
1240764
1240765
1240767
1240768
1240769
1240770
1240772
1240773
1240774
1240775
1240777
1240778
1240780
1240781
1240782
1240784
1240785
1240786
1240787
1240789
1240790
1240791
1240793
1240794
1240795
1240797
1240798
1240799
1240801
1240802
1240803
1240804
1240806
1240807
1240808
1240810
1240811
1240812
1240813
1240815
1240816
1240817
1240819
1240820
1240822
1240823
1240824
1240826
1240827
1240828
1240830
1240831
1240832
1240834
1240835
1240836
1240838
1240839
1240840
1240842
1240843
1240844
1240846
1240847
1240848
1240850
1240851
1240852
1240854
1240855
1240856
1240858
1240859
1240860
1240861
1240863
1240864
1240865
1240868
1240869
1240870
1240871
1240872
1240873
1240874
1240875
1240876
1240877
1240878
1240879
1240880
1240881
1240882
1240884
1240885
1240886
1240887
1240888
1240889
1240890
1240626
1240627
1240628
1240630
1189335
1240997
1240998
1240999
1241000
1241001
1241002
1241003
1241004
1241005
1241006
1241007
1241008
1241009
1241010
1241011
1241012
1241013
1241014
1241015
1241016
1241017
1241018
1241019
1241020
1241021
1241022
1241023
1241024
1241025
1241026
1241027
1241028
1241029
1241030
1241031
1241032
1241033
1241034
1241035
1241036
1241037
1241038
1241039
1241040
1241041
1241042
1241043
1241044
1241045
1241046
1241047
1241048
1241049
1241050
1241051
1241052
1241053
1241054
1241055
1241056
1241057
1241058
1241059
1241060
1241061
1241062
1241063
1241064
1241065
1241066
1241067
1241068
1241069
1241070
1241071
1241072
1241073
1241074
1241075
1241076
1241077
1241078
1241079
1241080
1241081
1241082
1241084
1241085
1241086
1241087
1241088
1241089
1241090
1241091
1241092
1241093
1241094
1241095
1241096
1241097
1240891
1240892
1240893
1240894
1240895
1240896
1240897
1240898
1240899
1240900
1240901
1240902
1240903
1240904
1240905
1240906
1240907
1240908
1240909
1240910
1240911
1240912
1240913
1240914
1240915
1240916
1240917
1240918
1240920
1240921
1240922
1240923
1240924
1240925
1240927
1240928
1240929
1240930
1240931
1240932
1240933
1240934
1240935
1240936
1240937
1240938
1240939
1240940
1240941
1240942
1240944
1240945
1240946
1240947
1240948
1240949
1240950
1240951
1240952
1240953
1240954
1240955
1240957
1240958
1240959
1240960
1240961
1240962
1240963
1240964
1240965
1240966
1240967
1240968
1240969
1240970
1240972
1240973
1240974
1240975
1240976
1240977
1240978
1240979
1240980
1240981
1240982
1240983
1240984
1240985
1240986
1240988
1240989
1240990
1240991
1240992
1240993
1240994
1240995
1240996
1241098
1241099
1241100
1241101
1125753
1125754
1125755
1125756
1125757
1125758
1125759
1125760
1125761
1125762
1125763
1125764
1125765
1125766
1125767
1125768
1125769
1125770
1125771
1125772
1125773
1125774
1125776
1125777
1125778
1125779
1125780
1125781
1125782
1125783
1125784
1125785
1125786
1125787
1125788
1125789
1125790
1125792
1125793
1125794
1125795
1125796
1125797
1125798
1125799
1125800
1125801
1125802
1125803
1125804
1125805
1125806
1055012
1055013
1055014
1055016
1055017
1055018
1055020
1055021
1055023
1055024
1055025
1055027
1055028
1055029
1055031
1055032
1055033
1055035
1055036
1055038
1055039
1055040
1055042
1055043
1055044
1055046
1055047
1055048
1055050
1055051
1055052
1055054
1055055
1055056
1055058
1055059
1055060
1055062
1055064
1055065
1055066
1055068
1055069
1055070
1055072
1055073
1055074
1055076
1055078
1055079
1055081
1055082
1055084
1055086
1055088
1055089
1055090
1055092
1055093
1055094
1055096
1055097
1055098
1055100
1055101
1056810
1056811
1054974
1054975
1054976
1054978
1054979
1054980
1054982
1054983
1054985
1054986
1054987
1054989
1054990
1054991
1054993
1054994
1054995
1054997
1054998
1054999
1055001
1055002
1055004
1055005
1055006
1055008
1055009
1055010
1057121
1057122
1057123
1057124
1057125
1057126
1057127
1062935
1057017
1057018
1057019
1057020
1057021
1057022
1057023
1057024
1057025
1057026
1057027
1057028
1057029
1057030
1057031
1057032
1057033
1057034
1057035
1057036
1057037
1057038
1057039
1057040
1057041
1057042
1057043
1057044
1057045
1057046
1057047
1057048
1057049
1057050
1057051
1057052
1057054
1057055
1057056
1057057
1057058
1057059
1057060
1057061
1057062
1057063
1057064
1057065
1057066
1057067
1057068
1057069
1057070
1057071
1057072
1057073
1057074
1057075
1057076
1057077
1057078
1057079
1057080
1057081
1057082
1057083
1057084
1057086
1057087
1057088
1057089
1057090
1057091
1057092
1057093
1057094
1057095
1057096
1057098
1057099
1057100
1057101
1057102
1057103
1057104
1057105
1057106
1057107
1057108
1057110
1057111
1057112
1057113
1057114
1057115
1057116
1057117
1057118
1057119
1057120
1056917
1056918
1056919
1056920
1056921
1056922
1056923
1056924
1056925
1056926
1056927
1056928
1056929
1056930
1056931
1056932
1056933
1056934
1056935
1056936
1056937
1056938
1056939
1056940
1056941
1056942
1056943
1056944
1056945
1056946
1056947
1056948
1056949
1056950
1056951
1056952
1056953
1056954
1056955
1056956
1056957
1056958
1056959
1056960
1056961
1056962
1056963
1056964
1056965
1056966
1056967
1056968
1056969
1056970
1056971
1056972
1056973
1056974
1056975
1056976
1056977
1056978
1056979
1056980
1056981
1056982
1056983
1056984
1056985
1056986
1056987
1056988
1056989
1056990
1056991
1056992
1056993
1056994
1056995
1056996
1056997
1056998
1056999
1057000
1057001
1057002
1057003
1057004
1057005
1057006
1057007
1057008
1057009
1057010
1057011
1057012
1057013
1057014
1057015
1057016
1056812
1056813
1056814
1056815
1056816
1056817
1056818
1056820
1056821
1056822
1056823
1056824
1056825
1056826
1056827
1056828
1056829
1056830
1056831
1056833
1056834
1056835
1056836
1056837
1056838
1056839
1056840
1056841
1056842
1056843
1056844
1056845
1056846
1056847
1056848
1056850
1056851
1056852
1056853
1056854
1056855
1056856
1056857
1056858
1056859
1056860
1056862
1056863
1056864
1056865
1056866
1056867
1056868
1056870
1056871
1056872
1056873
1056874
1056875
1056876
1056877
1056878
1056879
1056880
1056881
1056882
1056883
1056884
1056885
1056886
1056887
1056888
1056889
1056890
1056891
1056892
1056893
1056894
1056895
1056896
1056897
1056898
1056899
1056900
1056901
1056902
1056903
1056904
1056905
1056906
1056907
1056908
1056909
1056910
1056911
1056912
1056913
1056914
1056915
1056916
1125041
1125042
1125043
1125044
1125045
1125046
1125047
1125048
1125049
1125050
1125051
1125052
1125053
1125054
1125055
1125056
1125057
1125059
1125060
1125061
1125062
1125063
1125064
1125065
1125066
1125067
1125068
1125069
1125070
1125071
1125072
1125073
1125075
1125076
1125077
1125078
1125079
1125080
1125081
1125082
1125083
1125084
1125085
1125086
1125087
1125089
1125090
1125091
1125092
1125093
1125094
1125096
1125097
1125098
1125099
1125100
1125101
1125103
1125104
1125105
1125106
1125107
1125108
1125109
1125110
1125112
1125113
1125114
1125115
1125116
1125117
1125453
1125454
1125455
1125456
1125457
1125458
108845
108846
108847
108848
108849
108850
108851
108852
108853
108854
108855
108969
108974
108976
108978
108980
108981
108982
108983
108984
108985
108986
108987
108988
108989
108990
108991
108992
108993
108994
108995
108996
108997
108998
108999
109000
108856
108857
108858
108859
108860
108861
108862
108863
108864
108865
108866
108867
108868
108869
108870
108874
108883
108887
108888
108890
108893
108896
108898
108900
108903
108904
108906
108913
108914
108916
108919
108923
108926
108930
108932
108934
108936
108937
108939
108941
108944
108946
108948
108950
108953
108959
108962
108966
109001
109002
109003
109004
109005
109006
109007
109008
109009
109010
109011
109012
109013
109014
1120427
1120428
1120429
1120430
1120431
1120432
1120433
1120434
1120435
1120436
1120437
1120438
1120439
1124774
1124775
1124776
1124778
1124779
1124780
1124782
1124783
1124784
1124785
1124787
1124788
1124789
1124790
1124792
1124793
1124794
1124796
1124797
1124798
1124800
1124801
1124802
1124804
1124805
1124806
1124808
1124809
1124810
1124812
1124813
1124814
1124815
1124817
1124818
1124819
1124821
1124822
1124823
1124825
1124826
1124827
1124828
1124830
1124831
1124832
1124834
1124835
1124836
1124838
1124839
1124840
1124842
1124843
1124844
1124845
1124846
1124848
1124849
1124850
1124851
1124853
1124854
1124855
1124857
1124858
1124859
1124861
1124862
1124863
1124865
1124866
1124867
1124869
1124870
1124871
1124873
1124874
1124875
1124877
1124878
1124879
1124881
1124882
1124883
1124885
1124886
1124887
1124889
1124890
1124891
1124893
1124894
1124896
1124897
1124898
1124900
1124901
1124902
1124903
1124905
1124906
1124907
1124908
1124910
1124911
1124912
1124914
1124915
1124916
1124917
1124919
1124920
1124921
1124923
1124924
1124925
1124926
1124928
1124929
1124930
1124932
1124933
1124934
1124936
1124937
1124938
1124939
1124941
1124942
1124943
1124945
1124946
1124947
1124948
1124950
1124951
1124952
1124954
1124955
1124956
1124957
1124959
1124960
1124961
1124963
1124964
1124965
1124967
1124968
1124969
1125023
1125024
1125025
1125026
1125027
1125028
1125029
1125030
1125031
1125032
1125033
1125034
1125035
1125036
1125037
1125038
1125040
1125655
1125656
1125657
1125658
1125659
1125660
1125661
1125662
1125663
1125664
1125665
1125666
1125667
1125668
1125669
1125670
1125671
1125672
1125673
1125674
1125675
1125676
1125677
1125678
1125679
1125680
1125681
1125682
1125683
1125684
1125685
1125686
1125687
1125688
1125689
1125690
1125691
1125692
1125693
1125694
1125695
1125696
1125697
1125698
1125700
1125701
1125702
1125703
1125704
1125705
1125706
1125707
1125708
1125709
1125710
1125711
1125712
1125713
1125714
1125715
1125716
1125717
1125718
1125719
1125720
1125721
1125722
1125723
1125724
1125725
1125726
1125727
1125728
1125729
1125730
1125731
1125732
1125733
1125734
1125735
1125736
1125737
1125738
1125739
1125740
1125741
1125742
1125743
1125744
1125745
1125746
1125747
1125749
1125750
1125751
1125752
1125559
1125560
1125561
1125562
1125563
1125564
1125565
1125566
1125567
1125568
1125569
1125570
1125571
1125572
1125573
1125574
1125575
1125576
1125577
1125578
1125579
1125580
1125581
1125582
1125583
1125584
1125585
1125586
1125587
1125588
1125589
1125590
1125591
1125592
1125593
1125594
1125595
1125596
1125597
1125598
1125599
1125600
1125601
1125602
1125603
1125604
1125605
1125606
1125607
1125608
1125609
1125610
1125611
1125612
1125613
1125614
1125615
1125616
1125617
1125618
1125619
1125620
1125621
1125622
1125623
1125624
1125625
1125626
1125627
1125628
1125629
1125630
1125631
1125632
1125633
1125634
1125635
1125636
1125637
1125638
1125639
1125640
1125641
1125642
1125643
1125644
1125645
1125646
1125647
1125648
1125649
1125650
1125651
1125652
1125653
1125654
1125459
1125460
1125461
1125462
1125463
1125464
1125465
1125466
1125467
1125468
1125469
1125471
1125472
1125474
1125475
1125476
1125477
1125478
1125479
1125480
1125481
1125482
1125483
1125484
1125485
1125486
1125487
1125488
1125489
1125490
1125491
1125492
1125493
1125494
1125495
1125496
1125497
1125498
1125500
1125501
1125502
1125503
1125504
1125505
1125506
1125507
1125508
1125509
1125510
1125511
1125513
1125514
1125515
1125516
1125517
1125518
1125520
1125521
1125522
1125523
1125524
1125525
1125526
1125527
1125528
1125529
1125530
1125531
1125532
1125533
1125534
1125535
1125537
1125538
1125539
1125540
1125541
1125542
1125543
1125544
1125545
1125546
1125547
1125548
1125549
1125551
1125552
1125553
1125554
1125555
1125556
1125557
1125558
1120214
1120215
1120217
1120218
1120220
1120221
1120223
1120224
1120226
1120227
1120228
1120230
1120231
1120233
1120234
1120236
1120237
1120239
1120240
1120242
1120243
1120244
1120245
1120246
1120247
1120249
1120250
1120251
1120252
1120253
1120254
1120255
1120256
1120257
1120258
1120259
1120260
1120262
1120263
1120264
1120266
1120267
1120268
1120270
1120271
1120272
1120274
1120275
1120276
1120278
1120279
1120280
1120281
1120282
1120283
1120284
1120285
1120286
1120288
1120290
1120291
1120293
1120294
1120295
1120296
1120297
1120298
1120299
1120300
1120301
1120302
1120303
1120304
1120305
1120306
1120307
1120308
1120309
1120311
1120312
1120313
1120314
1120315
1120316
1120317
1120318
1120319
1120320
1120321
1120322
1120323
1120324
1120325
1120326
1120327
1120328
1120329
1120330
1120331
1120332
1120333
1120334
1120335
1120336
1120337
1120338
1120339
1120340
1120341
1120342
1120343
1120344
1120345
1120346
1120347
1120348
1120349
1120350
1120351
1120353
1120354
1120355
1120356
1120357
1120358
1120359
1120360
1120361
1120362
1120363
1120364
1120365
1120366
1120367
1120368
1120370
1120371
1120372
1120373
1120374
1120375
1120376
1120377
1120378
1120379
1120380
1120381
1120382
1120383
1120384
1120386
1120387
1120388
1120389
1120390
1120391
1120393
1120394
1120395
1120396
1120397
1120398
1120399
1120400
1120401
1120402
1120403
1120404
1120405
1120406
1120407
1120408
1120409
1120410
1120411
1120412
1120413
1120414
1120415
1120416
1120417
1120418
1120419
1120420
1120421
1120422
1120423
1120424
1120425
1120426
1357123
1357125
1357126
1357127
1357129
1357130
1357131
1357133
1357134
1357135
1357136
1357138
1357139
1357140
1357141
1357143
1357144
1357145
1357147
1357148
1357149
1357151
1357152
1357153
1357155
1357156
1357157
1357159
1357160
1357161
1357162
1357164
1357165
1357166
1357168
1357169
1357170
1357171
1357173
1357174
1357175
1357177
1357178
1357179
1357181
1357182
1357183
1357184
1357186
1357187
1357188
1357190
1357191
1357192
1357193
1357195
1357196
1357197
1357199
1357200
1357201
1357203
1357204
1357205
1357207
1357208
1357209
1357210
1357212
1357213
1357214
1357215
1357217
1357218
1357219
1357221
1357222
1357223
1357224
1357225
1357227
1357228
1357229
1357230
1357232
1357233
1357234
1357235
1357237
1357238
1357239
1357241
1357242
1357243
1357245
1357246
1357247
1357249
1357250
1357251
1358977
143082
142751
142752
142753
142754
142755
142756
142757
142758
142759
142760
142761
142762
142763
142764
142765
142767
142769
142770
142772
142775
142777
142778
142780
142782
142785
142786
142787
142789
142791
142792
142794
142796
142798
142800
142803
142805
142806
142808
142810
142811
142813
142815
142816
142817
142818
142821
142822
142824
142825
142828
142829
142830
142831
142832
142833
142834
142864
142869
142873
142876
142877
142881
142883
142886
142889
142892
142895
142897
142898
142900
142902
142904
142905
142908
142912
142915
142918
142977
142980
142982
142984
142986
142989
142991
142995
142998
143003
143007
143011
143052
143053
143054
143055
143058
143060
143063
143065
143067
143070
143072
143074
143075
143078
143079
1357252
1357254
1357255
1357256
1357257
1357259
1357260
1357261
1357263
1357264
1357265
1357266
1357268
1357269
1357270
1357271
1357273
1357274
1357275
1357277
1357278
1357279
1357281
1357282
1357283
1357285
1357286
1357287
1357288
1357290
1357291
1357292
1357294
1357295
1357296
1357298
1357299
1357300
1357302
1357303
1357304
1357306
1357307
1357308
1357310
1357311
1357312
1357313
1357315
1357316
1357317
1357319
1357320
1357321
1357323
1357324
1357326
1357327
1357328
1357330
1357331
1357332
1357333
1357335
1357336
1357337
1358630
1358631
1358632
1358633
1358634
1358635
1358636
1358637
1358638
1358639
1358640
1358641
1358642
1358643
1358644
1358645
1358646
1358647
1358648
1358649
1358650
1358651
1358652
1358653
1358654
1358655
1358656
1358658
1358659
1358660
1358661
1358662
1358663
1358664
1357056
1357057
1357058
1357059
1357061
1357062
1357063
1357065
1357066
1357067
1357069
1357070
1357071
1357072
1357074
1357076
1357077
1357078
1357080
1357081
1357082
1357084
1357085
1357086
1357087
1357089
1357090
1357091
1357092
1357093
1357095
1357096
1357097
1357098
1357100
1357101
1357102
1357104
1357105
1357106
1357107
1357109
1357110
1357111
1357113
1357114
1357115
1357117
1357118
1357119
1357121
1357122
1358872
1358873
1358874
1358875
1358876
1358877
1358878
1358879
1358880
1358881
1358882
1358883
1358884
1358885
1358886
1358887
1358888
1358889
1358890
1358891
1358892
1358893
1358894
1358895
1358896
1358897
1358898
1358899
1358901
1358902
1358903
1358904
1358905
1358906
1358907
1358908
1358909
1358910
1358911
1358912
1358913
1358915
1358916
1358917
1358918
1358919
1358920
1358921
1358922
1358923
1358924
1358925
1358926
1358927
1358928
1358929
1358930
1358931
1358932
1358933
1358934
1358935
1358936
1358938
1358939
1358940
1358941
1358942
1358943
1358944
1358945
1358946
1358947
1358948
1358949
1358951
1358952
1358953
1358954
1358955
1358956
1358957
1358958
1358959
1358960
1358961
1358962
1358963
1358964
1358965
1358966
1358967
1358968
1358969
1358970
1358971
1358972
1358973
1358974
1358975
1358665
1358666
1358667
1358668
1358670
1358671
1358672
1358673
1358674
1358675
1358676
1358677
1358678
1358679
1358680
1358681
1358682
1358683
1358684
1358686
1358687
1358688
1358689
1358690
1358691
1358692
1358693
1358694
1358695
1358696
1358697
1358699
1358700
1358701
1358702
1358703
1358704
1358705
1358706
1358707
1358708
1358709
1358710
1358711
1358712
1358713
1358715
1358716
1358717
1358718
1358719
1358720
1358721
1358722
1358724
1358725
1358727
1358728
1358729
1358730
1358731
1358732
1358733
1358734
1358735
1358736
1358737
1358738
1358739
1358740
1358741
1358743
1358744
1358745
1358746
1358747
1358748
1358749
1358750
1358751
1358752
1358753
1358754
1358755
1358756
1358757
1358758
1358759
1358760
1358761
1358762
1358763
1358764
1358765
1358766
1358767
1358768
1358769
1358770
1358771
1358772
1358773
1358774
1358775
1358776
1358777
1358778
1358779
1358780
1358781
1358782
1358783
1358784
1358785
1358786
1358787
1358788
1358789
1358790
1358791
1358792
1358793
1358794
1358795
1358796
1358797
1358798
1358799
1358800
1358801
1358802
1358803
1358804
1358805
1358806
1358807
1358808
1358809
1358810
1358811
1358812
1358813
1358814
1358815
1358816
1358817
1358818
1358819
1358820
1358821
1358822
1358823
1358824
1358825
1358826
1358827
1358828
1358829
1358830
1358831
1358832
1358833
1358834
1358835
1358836
1358837
1358838
1358839
1358840
1358841
1358842
1358843
1358844
1358845
1358846
1358847
1358848
1358849
1358850
1358851
1358852
1358853
1358854
1358855
1358856
1358857
1358858
1358859
1358860
1358861
1358862
1358863
1358864
1358865
1358866
1358867
1358868
1358869
1358870
1358871
274645
274646
274647
274649
274650
274651
274652
274653
274655
274656
274657
274658
274659
274660
274661
274662
274663
274664
274666
274667
274668
274669
274670
274671
274672
274673
274674
274675
274676
274677
274678
274679
274680
274681
274682
274683
274684
274685
274686
274687
274688
274689
274690
274691
274692
302980
302981
302982
302983
302984
302985
302989
302991
302995
302997
303001
303003
303005
303007
303009
303010
303013
303017
303021
303028
303030
303033
303035
303036
303038
303039
303040
303042
303045
303047
303051
303053
303055
303057
303060
303062
303064
303065
303067
303098
303101
303103
303105
303107
303108
303109
303110
303111
303113
303114
303115
303118
303120
303123
303124
303126
303127
303128
303131
303133
303136
303139
303141
303143
303145
303148
303150
303152
303153
303154
303156
303158
303160
303163
303165
258866
258869
258558
258563
258567
258571
258574
258578
258584
258588
258592
258595
258613
258615
258617
258621
258626
258629
258632
258634
258636
258640
258654
258698
258699
258700
258702
258704
258707
258710
258712
258715
258717
258720
258721
258724
258753
258755
258758
258760
258764
258778
258780
258782
258787
258789
258793
258797
258800
258803
258805
258811
258816
258820
258821
258826
258829
258832
258837
258841
257333
257334
257335
257336
257337
257338
257339
257340
257341
257342
257343
257344
257345
257346
257347
257348
257349
257350
257351
257352
257353
257354
257355
257356
257357
257358
257359
257360
257361
257362
257363
257364
257365
257366
257367
257368
257373
257374
257375
257376
257377
257378
257379
257381
257382
257383
257384
257385
257386
257388
257389
257390
257391
257392
257393
257396
257398
257400
257401
257403
257404
257406
257407
257408
257410
257411
257413
257415
257417
257419
257421
257423
257425
257427
257429
257431
257433
257434
257435
257436
257893
257903
257904
257183
257185
257187
257188
257190
257193
257194
257197
257200
257203
257205
257206
257209
257210
257211
257213
257214
257216
257217
257218
257220
257223
257224
257226
257227
257229
257230
257232
257233
257234
257236
257237
257239
257240
257242
257244
257245
257247
257249
257250
257252
257253
257255
257257
257258
257259
257279
257280
257281
257282
257283
257284
257285
257286
257287
257288
257289
257290
257291
257292
257293
257294
257295
257296
257297
257298
257299
257300
257301
257302
257303
257304
257305
257306
257307
257308
257309
257310
257311
257312
257313
257314
257315
257316
257317
257318
257319
257320
257321
257322
257323
257324
257325
257326
257327
257328
257329
257330
257331
257332
257091
257092
257093
257094
257095
257097
257099
257101
257107
257108
257111
257112
257113
257116
257117
257118
257119
257121
257122
257124
257126
257128
257130
257131
257133
257134
257135
257136
257139
257140
257142
257143
257144
257146
257147
257150
257151
257153
257160
257161
257162
257163
257165
257167
257168
257174
257175
257180
257181
238387
238392
238394
238396
238398
238400
238402
238404
238405
238406
238408
238436
238438
238442
238446
238450
238454
238457
238459
238462
238466
238467
238471
238474
238476
238482
238487
238489
238493
238511
238516
238519
238522
238526
238528
238530
238531
238532
238533
238534
238535
238536
238538
238541
238566
238568
238572
238574
238579
238582
238583
238585
238587
238589
238592
238595
238599
238602
238603
238606
238608
238611
238614
238616
238619
275623
275624
275625
275626
275627
275628
275629
275630
275631
275632
275633
275634
275635
275636
275637
275638
275639
275640
275641
275642
275643
275644
275645
275646
275647
275648
275649
275650
275651
275652
275653
275654
275837
280187
274693
274694
274695
274696
274697
274698
274699
274700
274701
274702
274703
274704
274705
274706
274707
274708
274709
274710
274711
274712
274713
274714
274715
274716
274717
274718
274719
274720
274721
274722
274723
274724
274725
274726
274727
274728
275322
260519
260520
260521
260522
260523
260524
260525
260526
260527
260528
260529
260530
260531
260532
260533
260534
260535
260610
223915
223916
223917
223918
223919
22392
223920
223921
223922
223923
223924
223925
223926
223927
223928
223929
22393
223930
223931
223932
223933
223934
223935
223936
223937
223938
223939
22394
223940
223941
223942
223943
223944
223945
223946
223947
223948
223949
223950
223951
223952
223953
223954
223955
223956
223959
223960
223961
223962
223963
223964
223965
223966
223967
223968
223969
223970
223971
223972
223973
223974
223975
223976
223977
223978
223979
223980
223981
223983
223363
223365
223367
223371
223374
223377
223381
223385
223387
223391
223394
22340
223400
223402
223406
223409
22341
223412
223414
223415
223416
223417
223418
223419
22342
223420
22380
22381
22382
22383
22384
22385
22386
22387
22388
22389
22390
223905
223906
223907
223908
223909
22391
223910
223911
223912
223913
223914
223535
223536
223537
223538
22354
223540
223543
223546
223548
22355
223550
223557
223559
22356
223562
223565
223567
22357
22358
22359
22360
22361
22362
22363
22364
22365
223659
22366
223660
223661
223662
223663
223664
223665
223666
223667
223668
223669
22367
223670
223671
223672
223673
223674
223675
223676
223677
223678
223679
22368
223680
223681
223682
223683
223684
223685
223686
223687
223688
223689
22369
223690
223691
223692
223693
223694
223695
223696
223697
223698
223699
22370
223700
223701
223702
223703
223704
223705
223706
223707
223709
22371
223710
223711
223712
223713
223714
223715
223716
223717
223718
223719
22372
223720
223721
223722
223723
223724
223725
223726
223727
223728
223729
22373
223730
223731
223732
223733
223734
223735
223736
223737
223738
223739
22374
223741
223742
223743
223745
223747
223749
22375
223751
223753
223755
223757
223759
22376
223761
223763
223765
223767
223768
223769
22377
223770
223771
223772
223773
223774
223775
223776
223777
223778
223779
22378
223780
223781
223782
223783
22379
223421
223422
223423
223424
223425
223426
223429
22343
223430
223431
223432
223433
223434
223435
223436
223437
223438
223439
22344
223440
223441
223442
223443
223444
223445
223446
223447
223448
223449
22345
223450
223451
223452
223453
223454
223455
223456
223457
223458
223459
22346
223460
223461
223462
223463
223464
223465
223466
223467
223468
223469
22347
223470
223471
223472
223473
223474
223475
223476
223477
223478
223479
22348
223480
223481
223482
223483
223484
223485
223486
223487
223488
223489
22349
223490
223494
223496
223499
22350
223501
223503
223504
223508
22351
223510
223512
223515
223516
223517
223519
22352
223521
223524
223526
223528
22353
223531
223532
223533
223534
303166
303168
303170
30862
30863
30864
30865
30866
30867
30868
30869
30870
30871
30872
30873
30874
30875
30876
30852
30853
30854
30855
30856
30857
30858
30859
30860
30861
286782
286784
286785
286786
286787
286789
286790
286792
286793
286795
286797
286799
286800
286802
286804
286805
286807
286809
286810
286812
286814
286815
286817
286818
286820
286826
286827
286828
286829
286830
286831
286833
286834
286835
286837
286838
286839
286841
286842
286843
286845
286846
286847
286848
286849
286851
286852
286854
286855
286856
286857
286858
286499
286500
286501
286502
286503
286504
286505
286506
286507
286508
286509
286510
286511
286512
286513
286514
286515
286516
286517
286518
286519
286520
286521
286522
286523
286524
286525
286526
286527
286528
286529
286530
286531
286532
286533
286534
286535
286536
286537
286538
286539
286540
286541
286542
286543
286544
286545
286546
286547
286548
286553
286554
286555
286556
286557
286558
286559
286560
286561
286565
286566
286568
286569
286574
286575
286577
286578
286579
286581
286582
286584
286585
286588
286625
286626
286629
286630
286631
286635
286636
286640
286641
286643
286645
286647
286649
286650
286652
286654
286657
286659
286661
286662
286664
286665
286666
286667
286668
286669
286670
286671
286681
286685
286686
286687
286689
286690
286693
286694
286696
286697
286699
286701
286704
286706
286707
286711
286713
286714
286715
286717
286719
286720
286721
286723
286725
286726
286728
286730
286731
286732
286734
286736
286737
286739
286741
286742
286744
286745
286748
286750
286752
286754
286756
286758
286759
286760
286763
286765
286766
286768
286771
286772
286774
286775
286776
286777
286780
286781
248152
248153
332444
332445
332446
332447
332448
332449
332451
332452
332454
332455
332456
332458
332459
332460
332461
332463
332464
332466
332467
332469
332470
332472
332473
332475
332477
332478
332479
332481
332482
332485
332486
332488
332491
332494
332497
332499
332502
332505
332042
332044
332047
332403
332404
332405
332406
332407
332408
332409
332410
332411
332412
332413
332414
332415
332416
332417
332418
332419
332423
332425
332427
332428
332430
332432
332433
332434
332435
332437
332438
332440
332442
332443
365033
365034
365035
365037
365038
365047
365051
365054
365056
365060
365061
365064
365069
365073
365077
365078
365090
365092
365094
365096
365097
365098
365100
365102
365105
365107
365109
365111
365112
365114
365115
365116
365117
365118
365119
365121
365124
365126
365130
365298
365299
365300
365301
365302
365303
365304
365305
365306
365307
365308
365309
365310
365311
365312
365316
365317
365322
365325
365331
365337
365339
365349
365352
365027
365028
365030
365031
365032
503378
503379
503381
503382
503383
503385
503386
503388
503389
503390
503392
503393
503394
503396
503397
503398
503400
503401
503402
503404
503405
503406
503408
503409
503410
503412
503413
503414
503416
503418
503419
503420
503422
503423
503424
503426
503427
503428
503430
503431
503433
503434
503435
503437
503438
503439
503441
503442
503444
503445
503446
503448
503449
503450
503452
503454
503455
503456
503458
503459
503460
57207
57208
57209
57210
57211
57212
57213
57214
57215
57168
57169
57170
57171
57172
57173
57174
57175
57176
57177
57178
57179
57180
57181
57182
57183
57184
57185
57186
57187
57188
57189
57190
57191
57192
57193
57194
57195
57196
57197
57198
57199
57200
57201
57202
57203
57204
57205
57206
506529
506530
506531
506532
506533
506534
506535
506536
506537
506538
506539
506540
506541
506542
506543
506544
506545
506546
506548
506549
506550
506551
506552
506553
506554
506555
506556
506557
506559
506560
506561
506562
506563
506564
506565
506566
506567
506568
506569
506570
506571
506572
506573
506574
506575
506576
506577
506578
506579
506580
506581
506582
506583
506584
506585
506586
506587
506588
506589
506590
506591
506592
506593
506594
506595
506596
506597
506598
506599
506600
506601
506602
506603
506604
506605
506606
506607
506608
506609
506610
506611
506612
506613
506614
506615
506616
506617
506618
506619
506620
506622
506623
506624
506625
506626
506627
506628
506629
506630
506631
506632
506633
506634
506635
506636
506637
506638
506639
506640
506641
506642
506643
506644
506646
506647
506648
506649
506651
506652
506653
506654
506655
506656
506657
506658
506659
506660
506661
506662
506663
506664
506665
506666
506667
506668
506669
507753
507754
507755
507756
507757
506445
506446
506447
506448
506449
506450
506451
506452
506453
506454
506455
506456
506457
506458
506459
506460
506462
506463
506464
506465
506466
506467
506469
506470
506471
506472
506473
506474
506475
506476
506477
506478
506479
506480
506481
506482
506484
506485
506487
506488
506489
506490
506491
506492
506493
506494
506495
506496
506497
506498
506499
506500
506501
506502
506503
506504
506505
506506
506507
506508
506509
506510
506511
506512
506513
506514
506515
506516
506517
506518
506519
506520
506521
506522
506523
506524
506525
506526
506527
506528
317457
317458
317459
317460
317461
317462
317463
317464
317465
317466
317467
317468
317469
317470
317471
317472
317473
317474
317475
317476
317477
317478
317479
317480
317481
317482
317483
317484
317485
317486
317487
317488
317489
317490
317491
317492
317493
317494
317495
317496
317497
258995
258998
259001
259003
259004
259009
259011
259013
259020
259021
259022
259023
259024
259026
259028
259030
259031
260294
260295
260296
260323
260327
260328
260330
260331
260333
260335
260338
260340
260343
260346
260349
260352
260354
260355
260358
260361
260363
260366
260367
260369
260370
260372
260374
260375
260376
260377
260379
260380
260381
260383
260384
260386
260387
260388
260389
260390
260391
260392
260393
260394
260395
260396
260397
260398
260399
260400
260401
260402
260403
260404
260405
260406
260407
260408
260409
260410
260411
260412
260413
260414
260415
260416
260074
260075
260076
260078
260079
260080
260082
260083
260084
260086
260087
260089
260091
260092
260095
260099
260100
260102
260103
260104
260105
260106
260107
260108
260109
260110
260112
260113
260115
260121
260123
260124
260126
260127
260128
260129
260130
260132
260134
260136
260137
260138
260139
260140
260141
260142
260143
260144
260145
260146
260147
260149
260150
260151
260152
260154
260155
260156
260157
260159
260160
260161
260163
260164
260165
260166
260167
260168
260170
260171
260172
260174
260175
260176
259966
259967
259968
259969
259970
259971
259972
259973
259974
259975
259976
259977
259979
259980
259981
259983
259988
259990
259992
259995
259999
260001
260004
260005
260006
260008
260010
260011
260014
260016
260017
260018
260020
260023
260024
260026
260029
260031
260033
260035
260036
260037
260038
260039
260040
260041
260042
260043
260044
260045
260046
260047
260048
260049
260050
260051
260052
260053
260054
260055
260056
260057
260058
260059
260061
260062
260063
260064
260065
260066
260067
260068
260069
260070
260071
260072
260073
260177
260178
260180
260182
260183
260184
260185
260187
260188
260189
260190
260191
260192
260193
260194
260195
260196
260197
260198
260200
260202
260204
260206
260208
260209
260211
260213
260215
260216
260217
260220
260223
260224
260227
260228
260230
260231
260232
260235
260236
260238
260239
260242
260244
260246
260249
260253
260256
260258
260260
260262
260265
260278
260280
260285
260286
260287
260288
260289
260290
260292
260417
260418
260419
260420
260421
260422
260423
260424
260425
260426
260427
260428
260429
260430
260431
260432
260433
260434
260435
260436
260437
260438
260439
260440
260441
260442
260443
260444
260445
260446
260447
260448
260449
260450
260451
260452
260454
260455
260456
260457
260458
260459
260460
260461
260462
260463
260464
260465
260466
260467
260468
260469
260470
260471
260472
260473
260474
260476
260477
260478
260479
260480
260481
260482
260483
260484
260485
260486
260487
260488
260489
260490
260491
260492
260493
260494
260495
260496
260497
260498
260499
260500
260501
260502
260503
260504
260505
260506
260507
260508
260509
260510
260511
260512
260513
260514
260515
260516
260517
260518
97293
97295
97298
97299
97301
97302
97303
97304
97305
97306
97307
97308
97309
97310
97311
97312
97313
97314
97315
97316
97317
97318
97319
97320
97321
97322
97323
97244
97245
97246
97247
97248
97249
97250
97251
97252
97253
97254
97255
97256
97257
97258
97259
97260
97261
97262
97263
97264
97265
97266
97267
97268
97269
97270
97271
97272
97273
97274
97275
97276
97277
97278
97279
97280
97281
97282
97284
97285
97287
97289
97291
67465
67466
67467
67468
67469
67470
67471
67472
67473
67474
67475
67476
67477
67478
67479
67480
67481
67482
67483
67484
67485
67486
67487
67488
67489
67490
67491
67492
67493
67494
67495
67496
67497
67498
67499
67500
67501
67502
67503
67504
67505
67506
67507
67508
67509
67510
67511
67512
67513
67514
67515
67516
67517
67518
67519
67520
67521
67522
67523
634176
634177
634178
634179
634180
634181
634182
634183
634184
634186
634187
634188
634189
634190
634191
634192
634194
634195
634196
634197
634198
634199
634200
634201
634202
634203
634205
634206
634207
634208
634209
634210
634212
634213
634214
634215
634216
634217
634219
634220
634221
634222
634223
634224
634226
634227
634228
634229
634230
634231
634233
634234
634235
634236
634237
634238
634240
634241
634242
634243
634244
634245
634247
634248
634249
634250
634251
634252
634254
634255
634256
634257
634258
634259
634261
634262
634263
634264
634265
634266
634268
634269
634270
634271
634272
634273
634275
634276
634277
634278
634279
634280
634282
634283
634284
634285
634286
634287
634289
634290
633513
633514
633515
633516
633517
633518
633519
633520
633521
633522
633523
634069
634070
634072
634073
634075
634076
634078
634079
634081
634082
634084
634085
634087
634088
634090
634091
634092
634093
634094
634095
634096
634097
634098
634100
634101
634102
634103
634104
634105
634106
634107
634108
634109
634111
634112
634113
634114
634115
634116
634117
634118
634119
634120
634121
634122
634123
634124
634125
634127
634128
634129
634130
634131
634132
634134
634135
634136
634137
634138
634140
634141
634142
634143
634144
634146
634147
634148
634150
634151
634152
634154
634155
634156
634157
634159
634160
634161
634162
634163
634165
634166
634167
634168
634169
634170
634171
634172
634173
634174
67451
67452
67453
67454
67455
67456
67457
67458
67459
67460
67461
67462
67463
67464
632850
632851
632852
632853
632854
632855
632857
632858
632859
632860
632861
632862
632864
632865
632866
632867
632868
632869
632871
632872
632873
632874
632875
632876
632878
632879
632880
632881
632882
632883
632885
632886
632887
632888
632889
632890
632892
632893
632894
632895
632896
632897
632899
632900
632901
632902
632903
632904
632905
632906
632907
632908
632909
632910
632911
632912
632913
632914
632915
632916
632917
632919
632920
632921
632922
632923
632924
632925
632926
632927
632928
632929
632930
632931
632932
632933
632934
632935
632936
632937
632938
632718
632719
632721
632722
632723
632725
632726
632727
632729
632730
632732
632733
632735
632736
801571
801572
801573
801574
801575
801576
801577
801578
801579
801580
801581
801582
801583
801584
801585
801586
801587
801588
801589
801590
801591
801592
801593
801594
801595
801596
801597
801598
801599
801600
801601
801602
801603
801604
801605
801606
801607
801608
801609
801610
801611
801612
801613
801614
801615
801616
801617
801618
801619
801620
801621
801622
801623
801624
801625
801626
801627
801628
801629
801630
801744
801745
801746
801747
801748
801749
801750
801751
801752
801753
801754
801755
801756
801757
801758
801759
801760
801761
801762
801763
801764
801765
801766
801767
801768
801769
801770
801771
801772
801773
801774
801775
801776
801777
801778
801779
801780
801781
801782
801783
801784
801785
801786
801787
801788
801789
801790
801791
801792
801793
801794
801795
801796
801797
801798
801799
801800
801801
801802
801803
801804
801805
801806
801807
801808
801809
801810
801811
801812
801813
801814
801815
801816
801817
801818
642674
642676
642677
642678
642680
642681
642682
642684
642686
642687
642688
642690
642691
642692
642694
642695
642697
642698
642699
642701
642702
642703
642705
642706
642707
642709
642710
642711
642713
642714
810922
810923
810924
810925
810926
810927
810928
810929
810930
810931
810932
810933
810934
810935
810936
810937
810938
810939
810940
810941
810942
810943
810944
810945
810946
810947
810948
810949
810950
810951
810952
810953
810954
810955
810956
810957
810958
810959
810960
810961
810962
810963
810964
810965
810966
810967
810968
810969
810970
810971
810972
810973
810974
810975
810976
810977
810978
810979
810980
810981
810982
810983
810984
810985
810986
810987
810988
810989
810990
810991
810992
810993
810994
810995
810996
810997
810998
765900
765901
765902
765904
765905
765906
765907
765908
765909
765910
765911
765912
765913
765914
765915
765917
765918
765919
765920
765921
765922
765923
765924
765925
765926
765927
765928
765929
765930
765931
765933
765934
765935
765936
765937
765938
765939
765940
765941
765943
765944
765946
765947
765949
765950
765951
765952
765953
765954
765956
765957
765958
765959
765960
765961
765963
765964
765966
765967
765969
765970
765971
765972
765973
765974
765976
765977
765979
765980
765981
765982
765983
765984
765986
765987
765989
765990
765991
765992
765993
765994
765996
765997
765998
766000
766001
766002
766003
766004
766005
766007
766008
766009
766010
766012
766013
766014
766015
766016
766017
632738
632739
632740
632742
632743
632744
632745
632746
632747
632748
632749
632750
632752
632753
632754
632755
632756
632757
632758
632759
632760
632761
632762
632763
632764
632766
632767
632768
632769
632770
632771
632772
632773
632775
632777
632779
632781
632782
632783
632784
632785
632786
632787
632788
632789
632790
632791
632792
632793
632794
632795
632796
632797
632798
632799
632800
632801
632802
632803
632804
632805
632806
632807
632808
632809
632810
632811
632812
632814
632815
632816
632817
632818
632819
632820
632821
632822
632823
632824
632825
632826
632827
632829
632830
632831
632832
632833
632834
632836
632837
632838
632839
632840
632841
632843
632844
632845
632846
632847
632848
766133
766134
766135
766136
766138
766139
766140
766141
766142
766143
766144
766145
766146
766147
766148
766149
766150
766151
766152
633294
633295
633297
633298
633299
633301
633302
633304
633305
633306
633308
633309
633311
633312
633313
633315
633316
633317
633318
633319
633320
633321
633322
633323
633324
633325
633326
633327
633328
633329
633330
633331
633333
633334
633335
633336
633337
633338
633339
633340
633341
633342
633343
633344
633345
633346
633347
633348
633350
633351
633352
633353
633354
633355
633356
633357
633358
633359
633360
633361
633362
633363
633364
633365
633366
633367
633368
633369
633370
633371
633372
633373
633374
633375
633376
633377
633378
633379
633380
633381
633382
633383
633384
633385
633386
633387
633388
633389
633390
633391
633392
633393
633394
633395
633396
633397
633398
633399
633400
633402
633404
633405
633407
633409
633411
633412
633413
633415
633416
633417
633419
633420
633421
633423
633424
633425
633427
633428
633429
633431
633432
633433
633434
633435
633436
633438
633439
633440
633441
633442
633443
633445
633446
633447
633448
633449
633450
633452
633453
633454
633455
633456
633457
633459
633460
633461
633462
633463
633464
633466
633467
633468
633469
633470
633471
633472
633473
633474
633475
633476
633477
633478
633479
633480
633481
633483
633484
633485
633486
633487
633488
633489
633490
633491
633492
633493
633494
633495
633496
633497
633498
633499
633500
633501
633502
633503
633504
633505
633506
633508
633509
633510
633511
633512
383749
634291
634292
634293
634294
634296
634297
634298
634299
634300
634301
634302
634303
634304
634305
634306
634307
634308
634309
634310
634311
634312
634313
634314
634315
634316
634317
634318
634319
634320
634321
634322
634323
634324
634325
634326
634327
634328
634329
634330
634331
634332
634333
634334
634335
634336
634337
634338
634339
634340
634341
634343
634344
634345
634346
634347
634348
634349
634350
634351
634352
634353
634354
634355
642613
642615
642616
642618
642619
642620
642622
642623
642624
642626
642627
642628
642630
642631
642632
642634
642635
642636
642638
642639
642641
642642
642644
642645
642646
642648
642649
642650
642652
642653
642654
642656
642657
642658
642660
642661
642662
642664
642665
642666
642668
642669
642670
642672
642673
765893
765894
765895
765896
765897
765898
765899
766019
766020
766021
766022
766023
766024
766026
766027
766029
766030
766031
766032
766033
766034
766036
766037
766038
766039
766040
766041
766042
766043
766044
766045
766047
766048
766049
766050
766051
766052
766053
766054
766056
766058
766059
766061
766062
766063
766064
766065
766066
766067
766068
766069
766071
766072
766073
766074
766075
766076
766078
766079
766080
766081
766082
766083
766085
766086
766087
766088
766089
766091
766092
766093
766094
766095
766096
766097
766099
766100
766101
766102
766103
766104
766105
766106
766107
766108
766109
766110
766111
766112
766113
766114
766115
766116
766118
766119
766120
766121
766123
766124
766125
766126
766127
766128
766129
766130
766131
766132
985693
985694
985695
985696
985697
985698
985699
985700
985701
985702
985703
985704
985705
985706
985707
985708
985709
985710
985711
985712
985713
985714
985715
985716
985717
985718
985719
985720
985721
985722
985723
985724
985725
985726
985727
985728
985729
985730
985731
985732
985733
985734
985735
985736
985737
985738
985739
985740
985741
985742
985743
985744
985745
985746
985747
985748
985749
985750
985751
985752
985753
985754
985755
985756
985757
985758
985759
985760
985761
985762
985763
985764
985765
985766
985767
985768
985769
985770
985771
985772
985773
985774
985775
985776
985777
985778
985779
985780
985781
985782
985783
986127
986128
986129
986130
986131
986132
986133
986134
986135
986136
986137
986138
986139
986140
986141
986142
986143
986144
986145
986146
986147
986148
986149
986151
986152
986153
986154
986155
986156
986158
986159
986160
986161
986162
986163
986164
986165
986166
986167
986168
986169
986170
986172
986173
986174
986175
986176
986177
986178
986179
986180
986181
986182
986183
986184
986185
986186
986187
986188
986189
986190
986192
986193
986194
986195
986196
986197
986198
986199
986200
986201
986202
986203
986204
986205
986206
986207
986208
986209
986210
985784
985785
985922
985924
985925
985926
985927
985928
985929
985930
985931
985932
985933
985934
985935
985936
985937
985938
985939
985941
985942
985943
985944
985945
985946
985947
985948
985949
985950
985951
985952
985953
985954
985955
985957
985958
985959
985960
985961
985962
985963
985965
985966
985967
985968
985969
985970
985971
985972
985973
985974
985975
985976
985977
985978
985979
985981
985982
985983
985984
985985
985986
985987
985988
985989
985990
985991
985992
985993
985994
985995
985997
985998
985999
986000
986001
986002
986003
986004
986005
986006
986007
986008
986009
986010
986011
986012
986013
986014
986015
986016
986017
986018
986019
986020
986021
986022
986023
986024
986025
986026
986027
986028
986029
986030
986031
986032
986033
986034
986035
986036
986037
986038
986039
986040
986041
986042
986043
986044
986045
986046
986047
986048
986049
986050
986051
986052
986053
986054
986055
986056
986057
986058
986059
986060
986061
986062
986063
986064
986065
986066
986067
986068
986069
986070
986071
986072
986073
986074
986075
986076
986077
986078
986079
986080
986081
986082
986083
986084
986085
986086
986087
986088
986089
986090
986091
986092
986093
986094
986095
986096
986097
986098
986099
986100
986101
986102
986103
986104
986105
986106
986107
986109
986110
986111
986112
986113
986114
986115
986116
986117
986118
986119
986120
986121
986122
986123
986124
986125
986126
2207678
2207679
2208715
2208714
2208712
2208719
2208718
2208716
2208710
2208711
2208724
2208723
2208725
2208728
2208727
2208729
2208720
2208722
2208709
2208706
2208705
2208707
2208701
2208704
2208703
2208700
2208739
2208736
2208737
2208734
2208735
2208733
2208731
2208730
2208741
2208740
2208689
2208686
2208687
2208685
2208682
2208683
2208680
2208681
2208675
2208676
2208677
2208678
2208671
2208672
2208673
2208670
2208662
2208660
2208661
2208666
2208664
2208665
2212778
2212779
2208668
2212784
2208650
2212785
2208651
2212782
2208652
2212783
2212788
2208654
2212789
2208655
2212786
2208656
2212787
2208658
2208659
2212781
2212780
2212798
2212797
2212799
2212794
2212793
2212796
2212795
2212790
2212791
2212792
2208690
2208691
2208694
2208693
2208695
2208698
2208697
2208699
2212700
2212701
2212702
2212703
2212704
2212705
2212706
2212707
2212708
2212709
2212719
2212718
2212717
2212716
2212715
2212714
2212713
2212712
2212711
2212710
2212725
2212724
2212721
2212720
2212723
2212722
2207765
2207764
2207763
2207761
2207760
2207768
2207766
2207767
2207774
2207773
2207776
2207770
2207772
2207771
2207777
2207779
2207783
2207782
2207781
2207780
2207787
2207786
2207785
2207788
2207789
2207791
2207720
2207729
2207728
2207727
2207725
2207724
2207723
2207722
2207730
2207731
2207738
2207739
2207734
2207733
2207736
2207735
2207743
2207740
2207741
2207747
2207746
2207745
2207744
2207749
2207750
2207751
2207752
2207754
2207756
2207755
2207758
2207759
2207700
2207702
2207703
2207704
2207705
2207706
2207708
2207709
2223849
2223845
2223846
2223847
2223848
2223841
2223842
2223843
2223844
2223840
2207713
2207714
2207711
2207718
2207715
2207716
2207719
2223854
2223855
2223852
2223853
2207710
2223850
2223851
2223820
2223822
2223821
2223824
2223823
2223826
2223825
2223828
2223827
2223829
2223833
2223832
2223831
2223830
2223837
2223836
2223835
2223834
2223839
2223838
2223800
2223806
2223805
2223808
2223807
2223802
2223801
2223804
2223803
2223809
2223811
2223810
2223819
2223818
2223817
2223816
2223815
2223814
2223813
2223812
2212874
2212875
2212876
2212870
2212871
2212872
2212873
2212809
2212814
2212815
2212812
2212813
2212818
2212819
2212816
2212817
2212810
2212811
2212823
2212824
2212825
2212826
2212827
2212828
2212829
2212820
2212821
2212822
2212805
2212806
2212807
2212801
2212802
2212803
2212804
2212800
2207694
2212851
2207695
2212850
2207692
2207693
2207698
2212855
2207699
2212854
2212853
2207697
2212852
2212859
2212858
2212857
2212856
2207690
2207689
2207681
2212860
2207682
2207684
2212861
2207685
2212864
2212863
2207687
2212866
2207688
2212865
2212868
2212867
2212869
2207680
2212833
2212832
2212831
2212830
2212839
2212838
2212837
2212836
2212835
2212834
2212842
2212841
2212844
2212843
2212840
2212849
2212846
2212845
2212848
2212847
2208520
2208521
2208523
2208524
2208526
2208525
2208528
2208529
2208519
2208518
2208415
2208417
2208418
2208419
2208410
2208412
2208414
2208413
2208620
2208621
2208622
2208611
2208612
2208610
2208619
2208617
2208616
2208614
2208613
2208640
2208641
2208642
2208644
2208645
2208647
2208646
2208649
2208638
2208639
2208601
2208600
2208602
2208603
2208605
2208606
2208607
2208608
2208572
2208573
2208575
2208576
2208577
2208579
2208570
2208585
2212694
2208586
2212695
2208583
2212696
2208584
2212697
2208589
2212698
2212699
2208588
2208581
2208580
2208598
2208594
2208595
2208597
2208590
2208591
2208593
2208536
2208538
2208539
2208530
2208533
2208532
2208535
2208534
2208549
2208547
2208548
2208541
2208540
2208545
2208544
2208543
2208558
2208554
2208557
2208556
2208550
2208553
2208552
2208569
2208560
2208568
2208567
2208565
2208564
2208562
2208561
2212362
2212363
2212365
2212364
2212367
2212366
2212369
2212368
2212373
2212374
2212371
2212372
2212370
2212379
2212378
2212377
2212376
2212375
2212382
2212383
2212384
2212385
2212380
2212381
2212387
2212386
2212389
2212388
2212392
2212391
2212390
2212396
2212395
2212394
2212393
2212399
2212398
2223692
2223693
2223690
2223691
2223697
2223696
2223695
2208279
2223694
2208278
2223699
2223698
2223680
2223681
2223682
2223684
2223683
2223686
2223685
2208287
2223688
2223687
2208289
2208288
2223689
2208283
2208282
2208285
2208284
2208280
2223658
2223659
2223671
2223670
2208291
2208292
2208296
2208293
2208294
2208299
2223678
2223679
2208297
2223676
2208298
2223677
2223674
2223675
2223672
2223673
2223660
2223669
2223665
2223666
2223667
2223668
2223661
2223662
2223663
2223664
2212492
2212490
2212491
2212472
2212473
2212470
2212471
2212477
2212476
2212475
2212474
2212479
2212478
2212480
2212481
2212482
2212483
2212484
2212486
2212485
2212488
2212487
2212489
2208405
2208404
2208406
2208409
2208408
2208400
2208401
2208403
2208372
2208371
2208370
2208377
2208376
2208375
2208374
2208378
2208380
2208382
2208381
2208383
2208386
2208385
2208388
2208387
2208395
2208394
2208392
2208391
2208390
2208399
2208397
2208396
2223792
2223791
2223790
2223799
2223797
2223798
2223795
2223796
2223793
2223794
2223781
2223780
2223786
2223787
2223788
2223789
2223782
2223783
2223784
2223785
2223770
2223773
2223774
2223771
2223772
2223777
2223778
2223775
2223776
2223779
2223760
2223761
2223762
2223763
2223764
2223765
2223766
2223767
2223768
2223769
2212429
2212428
2212427
2223758
2223757
2223759
2212422
2223754
2212421
2223753
2212420
2223756
2223755
2212426
2223750
2212425
2212424
2223752
2212423
2223751
2212417
2212416
2212419
2212418
2223749
2223748
2223747
2223746
2223745
2223744
2223743
2212410
2223742
2208304
2212413
2223741
2208303
2212412
2223740
2208302
2212415
2208301
2212414
2208307
2208308
2208305
2223736
2223735
2223738
2212409
2223737
2212408
2212407
2223739
2212406
2212405
2212404
2208312
2212403
2208315
2212402
2223730
2208314
2212401
2212400
2223732
2223731
2208311
2223734
2208310
2223733
2208316
2208317
2208319
2223727
2223726
2223725
2223724
2223729
2223728
2208326
2208324
2208323
2208322
2223723
2223722
2208320
2223721
2223720
2208327
2208328
2208330
2212465
2208331
2223710
2208332
2212463
2223711
2208333
2212464
2223712
2208334
2212469
2208335
2212467
2208337
2212468
2223717
2223718
2223719
2223713
2223714
2223715
2223716
2208339
2208338
2212462
2212461
2212460
2208343
2212452
2223700
2208344
2212453
2223701
2208341
2212454
2208342
2208347
2212456
2208348
2212457
2208345
2212458
2212459
2223708
2223709
2223706
2223707
2223704
2223705
2223702
2223703
2212451
2212450
2208356
2212447
2208357
2208358
2212445
2212446
2208352
2212443
2212444
2208354
2212441
2208355
2212442
2208350
2208351
2212449
2212440
2208369
2212434
2212435
2212436
2208368
2212437
2208365
2212430
2208366
2212431
2208363
2208364
2212433
2208361
2208360
2212438
2212439
2481331
2481332
2481330
2481339
2481338
2481335
2481336
2481334
2481319
2481320
2481321
2481326
2481328
2481329
2481323
2481324
2481325
2481350
2481353
2481354
2481352
2481358
2481355
2481356
2481359
2481340
2481341
2481343
2481344
2481345
2481347
2481348
2481349
2481379
2481378
2481376
2481375
2481374
2481373
2481371
2481370
2481366
2481369
2481368
2481363
2481365
2481364
2481361
2481360
2481390
2481399
2481394
2481392
2481391
2481397
2481396
2481395
2481389
2481381
2481380
2481383
2481385
2481384
2481387
2481386
2466263
2466262
2466265
2466261
2466260
2466266
2466267
2466268
2466269
2466253
2466252
2466251
2466250
2466257
2466258
2466255
2466256
2466240
2466241
2466242
2466243
2466245
2466247
2466246
2466248
2466231
2466232
2466230
2466236
2466235
2466233
2466238
2466237
2481312
2481311
2481314
2481313
2481315
2481318
2481317
2466220
2466221
2466227
2466226
2466228
2466223
2466222
2466225
2481308
2481309
2481303
2481302
2481301
2481300
2481307
2481306
2481304
2466210
2466218
2466217
2466216
2466215
2466213
2466212
2466211
2466208
2466206
2466207
2466205
2466202
2466203
2466200
2466201
2481283
2481281
2481282
2481287
2481288
2481285
2481286
2468391
2481292
2481294
2481295
2481296
2481297
2481298
2468399
2468398
2468397
2468396
2468395
2468394
2468393
2468392
2481291
2481290
2468363
2468364
2468365
2468366
2468360
2468361
2468362
2468368
2468367
2468359
2468358
2468381
2468382
2468383
2468384
2468385
2468386
2468387
2468388
2468380
2468389
2468372
2468373
2468370
2468371
2468376
2468377
2468374
2468375
2468379
2468378
2466187
2466188
2466185
2466186
2466183
2466181
2466182
2466180
2466178
2466174
2466175
2466177
2466170
2466171
2466173
2466192
2466193
2466194
2466196
2466197
2466198
2466190
2466191
2479652
2466142
2479651
2479650
2466144
2466143
2466140
2479659
2466149
2479657
2479658
2479655
2466145
2479656
2479653
2466147
2479654
2466148
2466133
2466132
2479641
2479640
2466130
2479646
2479647
2479648
2466138
2479649
2466139
2479642
2479643
2466137
2479644
2466134
2479645
2466135
2479670
2466160
2466161
2479674
2466164
2479673
2466163
2479672
2466166
2479671
2466165
2466168
2479675
2466169
2466150
2479661
2466155
2479660
2466154
2479663
2466153
2479662
2466152
2479664
2466158
2479665
2466159
2479666
2479667
2466157
2479668
2479669
2481424
2481423
2481422
2481421
2481418
2481419
2466120
2466122
2481415
2481417
2481416
2481411
2481410
2481413
2481412
2481407
2481408
2466124
2466123
2466125
2466128
2466127
2466129
2481406
2481405
2481404
2481402
2481401
2481400
2466115
2466114
2466113
2466112
2466119
2466118
2466117
2468468
2468469
2468466
2468467
2468461
2468460
2468464
2468463
2468462
2468455
2468456
2468457
2468458
2468459
2468452
2468451
2468454
2468453
2468448
2468449
2468446
2468447
2468444
2468445
2468443
2468442
2468441
2468440
2468437
2468438
2468439
2468433
2468434
2468435
2468436
2468430
2468432
2468431
2479609
2468425
2479608
2479607
2468423
2479606
2468422
2468429
2468428
2468427
2468426
2479601
2479600
2479605
2479604
2479603
2479602
2468420
2468421
2479618
2468412
2479617
2468411
2468414
2479619
2468413
2468416
2468415
2468418
2468417
2479610
2468419
2479612
2479611
2479614
2479613
2479616
2479615
2468410
2468407
2468406
2468405
2468404
2468403
2468402
2479629
2468401
2479628
2468400
2479627
2479626
2479625
2479624
2479623
2479622
2479621
2468409
2479620
2468408
2479639
2479636
2479638
2479637
2479632
2479631
2479634
2479633
2479630
2468490
2468493
2468494
2468491
2468492
2468497
2468498
2468495
2468499
2468484
2468485
2468487
2468480
2468481
2468482
2468489
2468488
2468475
2468476
2468473
2468474
2468471
2468472
2468470
2468479
2468478
2468477
2479599
2479592
2479593
2479590
2479591
2479596
2479597
2479594
2479595
2479588
2466478
2479587
2466477
2466476
2479589
2479580
2466470
2479581
2479582
2479583
2466473
2479584
2466474
2479585
2479586
2466472
2466469
2466468
2479579
2479578
2466464
2479577
2466467
2479576
2466466
2479574
2479575
2466461
2479572
2466462
2479573
2466463
2479570
2479571
2479569
2466459
2466458
2466457
2479566
2479565
2466455
2466454
2479567
2466453
2479561
2466451
2479562
2466452
2479563
2479564
2479560
2479556
2479557
2479554
2479555
2479558
2479559
2479553
2479552
2479551
2479550
2479543
2479544
2479545
2479546
2479547
2479548
2479549
2479540
2479542
2479541
2479538
2479539
2479536
2479537
2479534
2479535
2479532
2479533
2479531
2479530
2468503
2468505
2468506
2479529
2468500
2468501
2468502
2479525
2479526
2479527
2479528
2479521
2468507
2479522
2468508
2479523
2468509
2479524
2479520
2468520
2479506
2479505
2479504
2479503
2479502
2479501
2479500
2468529
2468528
2468527
2468526
2468525
2468524
2479509
2479508
2468522
2479507
2468521
2479515
2479514
2479517
2479516
2479511
2468519
2468518
2479513
2479512
2468515
2468514
2468517
2468516
2479519
2468511
2479518
2468510
2468513
2468512
2468541
2468542
2468540
2468545
2468544
2468543
2468549
2468548
2468547
2468530
2468531
2468533
2468532
2468534
2468537
2468539
2468538
2466430
2468564
2468562
2468561
2468560
2468569
2468567
2466439
2468568
2468565
2468566
2466436
2466437
2466438
2466431
2466432
2466433
2466434
2466441
2468551
2468550
2468553
2468552
2468558
2468559
2468554
2468555
2468556
2468557
2466448
2466449
2466446
2466447
2466444
2466442
2466443
2468582
2468581
2468580
2468586
2468585
2468584
2468583
2468589
2466418
2468587
2466419
2468588
2468571
2468570
2468572
2468575
2468574
2468576
2468577
2468578
2466428
2468579
2466422
2466420
2466421
2466426
2466427
2466424
2466425
2468599
2468596
2468597
2468594
2468595
2468592
2468593
2468590
2468591
2479490
2479496
2479495
2479498
2479497
2479492
2479491
2479494
2479493
2479499
2479487
2479486
2479485
2479484
2479483
2479482
2479481
2479480
2479489
2479479
2468619
2468617
2468618
2468615
2468616
2468613
2468614
2468611
2468610
2468628
2468629
2468624
2468626
2468627
2468620
2468621
2468622
2468623
2468606
2468607
2468608
2468609
2468600
2468601
2468602
2468603
2468604
2468605
2468662
2468663
2468660
2468661
2468667
2468666
2468665
2468664
2468668
2468650
2468651
2468652
2468654
2468653
2468656
2468655
2468657
2468659
2468640
2468641
2468649
2468647
2468646
2468645
2468644
2468643
2468642
2468630
2468636
2468635
2468638
2468637
2468632
2468631
2468634
2468639
2468690
2468692
2468691
2468694
2468693
2468695
2468698
2468699
2468685
2468684
2468683
2468682
2468681
2468680
2468688
2468689
2468686
2468687
2468672
2468671
2468674
2468673
2468670
2468679
2468675
2468676
2468677
2470750
2470752
2470753
2470754
2470755
2470757
2470758
2470749
2470748
2468722
2468721
2468724
2468723
2468726
2468725
2468728
2468729
2470760
2470761
2470764
2470765
2470763
2470769
2470766
2470767
2468711
2468710
2470759
2468715
2468714
2468712
2468719
2468718
2468717
2468716
2470770
2470771
2468740
2470773
2470774
2470775
2468746
2468745
2468747
2468742
2468744
2468743
2468749
2468737
2468736
2468735
2468733
2468732
2468731
2468730
2468739
2468738
2470710
2470711
2470714
2470713
2470704
2470706
2470707
2470708
2470709
2470721
2470720
2470725
2470724
2470723
2470718
2470715
2470716
2470719
2470734
2470733
2470735
2470730
2470732
2468709
2468705
2468706
2468707
2468708
2468701
2468702
2468703
2468704
2470727
2470728
2468700
2470729
2470747
2470745
2470744
2470743
2470742
2470740
2470739
2470737
2470738
2468797
2468799
2468793
2468795
2468791
2470700
2470701
2470702
2470703
2468756
2468757
2468758
2468759
2468752
2468753
2468754
2468751
2468750
2468769
2468767
2468768
2468766
2468763
2468764
2468762
2468761
2468774
2468776
2468777
2468778
2468779
2468771
2468773
2468772
2468787
2468785
2468789
2468783
2468781
2470656
2470657
2470658
2470659
2470669
2470667
2470668
2470665
2470663
2470664
2470662
2470660
2468838
2468837
2468832
2468831
2468830
2468836
2468835
2468834
2468833
2468822
2468823
2468824
2468825
2468820
2468821
2468826
2468828
2468829
2468813
2468814
2468811
2468812
2468810
2468819
2468817
2468818
2468815
2468816
2468801
2468803
2468805
2468807
2468808
2468809
2470695
2470693
2470692
2470691
2470690
2470698
2470697
2470696
2470673
2470672
2470670
2470677
2470675
2470674
2470679
2470678
2470680
2470681
2470684
2470683
2470686
2470685
2470688
2470689
