1645954
1645955
1645956
1645958
1645959
1645960
1645961
1645962
1645964
1645965
1645966
1645967
1645968
1645970
1645971
1645972
1645973
1645974
1645976
1645977
1645978
1645979
1645980
1645982
1645983
1645984
1645985
1645987
1645988
1645989
1645990
1645992
1645993
1645994
1645995
1645997
1645998
1645999
1646000
1646002
1646003
1646004
1646005
1646006
1646008
1646009
1646010
1646011
1646012
1646014
1646015
1646016
1646017
1646018
1646020
1646021
1646022
1646023
1646025
1646026
1646027
1646028
1646029
1646031
1646032
1646033
1646034
1646035
1646037
1646038
1646039
1646040
1646041
1646043
1646044
1646045
1646046
1646047
1646049
1646050
1646051
1646052
1646053
1646055
1646056
1646057
1646058
1646059
1646061
1646062
1646063
1646064
1646065
1646067
1646069
1646070
1646071
1646072
1646073
1646075
1646076
1646077
1646078
1646079
1646081
1646082
1646083
1646084
1646085
1646087
1646088
1646089
1646090
1646091
1646093
1646094
1646095
1646096
1646098
1646099
1646100
1646101
1646103
1646104
1646105
1646106
1646108
1646109
1646110
1646111
1646112
1646114
1646115
1646116
1646117
1646118
1646120
1646121
1646122
1646123
1646125
1646126
1646127
1646128
1646129
1646131
1646132
1646133
1646134
1646135
1646136
1646137
1646138
1646139
1646140
1646141
1646142
1646143
1646144
1646145
1646146
1646147
1646148
1646150
1646151
1646152
1646153
1646154
1646155
1646156
1646157
1646158
1646159
1646160
1646161
1646162
1646163
1646164
1646165
1646166
1646167
1646169
1646170
1646171
1646172
1646173
1646174
1646175
1646176
1646177
1646178
1646179
1646180
1646181
1646182
1646183
1646184
1646185
1646186
1646187
1646188
1646189
1646191
1646192
1646193
1646194
1646195
1646196
1646197
1646198
1646199
1646200
1646201
1646202
1646203
1646204
1646205
1646206
1646207
1646208
1646209
1646210
1646211
1646212
1646214
1646215
1646216
1646217
1646218
1646219
1646220
1646221
1646222
1646223
1646224
1646225
1646226
1646227
1646228
1646229
1646230
1646231
1646232
1646233
1646234
1646235
1646237
1646238
1646239
1646240
1646241
1646242
1646243
1646244
1646245
1646246
1646247
1646248
1646249
1646250
1646251
1646252
1646253
1646254
1646255
1646256
1646258
1646259
1646260
1646261
1646262
1646263
1646264
1646265
1646266
1646267
1646268
1646269
1646270
1646271
1646272
1646273
1646274
1646275
1646276
1646277
1646278
1646280
1646281
1646282
1646283
1646284
1646285
1646286
1646287
1646288
1646289
1646290
1646291
1646292
1646293
1646294
1646295
1646296
1646297
1646298
1646299
1646300
1646301
1646303
1646304
1646305
1646306
1646307
1646308
1646310
1646311
1646312
1646313
1646314
1646315
1646317
1646318
1646319
1646320
1646321
1646322
1646324
1646325
1646326
1646327
1646328
1646329
1646331
1646332
1646333
1646334
170094
170095
170097
170098
170100
170102
170104
170106
170107
170109
170110
170112
170114
170116
170117
170119
170121
170122
170123
170125
170126
170132
170134
170135
170137
170139
170140
170142
170143
170144
170153
170155
170156
170157
170160
170161
170164
170166
170168
170169
170171
170173
170175
170177
170178
170180
170181
170391
170394
170395
170397
170399
170403
170404
170408
170411
170414
170416
170419
170422
170426
170429
170433
170436
170439
170441
170443
170444
170446
170448
170450
170451
170454
170458
170462
170464
170467
170469
170473
170476
170479
170480
170484
170486
1871519
1871520
1871521
1871523
1871524
1871525
1871527
1871528
1871529
1871530
1871531
1871533
1871534
1871535
1871536
1871537
1871539
1871540
1871541
1871542
1871543
1871545
1871546
1871547
1871549
1871550
1871551
1871552
1871553
1871555
1871556
1871557
1871558
1871559
1871561
1871562
1871563
1871564
1871565
1871567
1871568
1871569
1871571
1871572
1871573
1871574
1871576
1871577
1871578
1871579
1871580
1871582
1871583
1871584
1871585
1871586
1871588
1871589
1871590
1871592
1871593
1871594
1871595
1871596
1871598
1871599
1871600
1871601
1871602
1871603
1871604
1871605
1871606
1871607
1871608
1871609
1871610
1871611
1871612
1871613
1871614
1871615
1871616
1871617
1871618
1871619
1871620
1871621
1871622
1871623
1871624
1871625
1871626
1871627
1871628
1871630
1871631
1871439
1871440
1871441
1871442
1871444
1871445
1871446
1871447
1871448
1871450
1871451
1871452
1871453
1871454
1871456
1871457
1871458
1871459
1871460
1871462
1871463
1871464
1871465
1871467
1871468
1871469
1871470
1871471
1871473
1871474
1871475
1871476
1871477
1871479
1871480
1871481
1871482
1871483
1871485
1871486
1871487
1871488
1871489
1871491
1871492
1871493
1871494
1871496
1871497
1871498
1871499
1871501
1871502
1871503
1871504
1871506
1871507
1871508
1871509
1871511
1871512
1871513
1871514
1871515
1871517
1871518
1871632
1871633
1871634
1871635
1871636
1871637
1871638
1871639
1871640
1871641
1871642
1871643
1871644
1871645
1871646
1871647
1871648
1871649
1871650
1871651
1871652
1871653
1871654
1871655
1871656
1871657
1871658
1871659
1871660
1871661
1871662
1871663
1871664
1871665
1871666
1871667
1871668
1871669
1871670
1871671
1871672
1871673
1871674
1871675
1871676
1871677
1871678
1871679
1871680
1871681
1871682
1871683
1871684
1871686
1871687
1871688
1871689
1871690
1871691
1871692
1871693
1871694
1871695
1871696
1871697
1871698
1871699
1871700
1871701
1871702
1871703
1871704
1871705
1871706
1871707
1871708
1871709
1871710
1871711
1871712
1871713
1871714
1871715
1871716
1871717
1871718
1871719
1871720
1871721
1871722
1871723
1871724
1871725
1871726
1871727
1871728
1871729
1871730
1871731
1871732
1871733
1871734
1871735
1871736
1871737
1871738
1871739
1871740
1871741
1871742
1871743
1871744
1871745
1871746
1871747
1871748
1871749
1871750
1871751
1871752
1871753
1871754
1871755
1871756
1871758
1871759
1871760
1871761
1871762
1871763
1871764
1871766
1871767
1871768
1871769
1871770
1871771
1871772
1871773
1871774
1871776
1871777
1871778
1871779
1871780
1871781
1871782
1871783
1871784
1871785
1871786
1871788
1871789
1871790
1871791
1871792
1871793
1871794
1871795
1871796
191249
191252
191254
191256
191257
191258
191259
191260
191261
191262
191263
191264
191265
191266
191267
191268
191269
191270
191271
191272
191273
191274
2063578
2063580
2063582
2063584
2063585
2063586
2063587
2063588
2063590
2063591
2063592
2063593
2063594
2063595
2063597
2063598
2063599
2063600
2063601
2063602
2063604
2063605
2063606
2063607
2063608
2063609
2063611
2063612
2063613
2063614
2063615
2063616
2063618
2063619
2063620
2063621
2063622
2063623
2063625
2063626
2063627
2063628
2063629
2063630
2063632
2063633
2063634
2063635
2063636
2063638
2063639
2063640
2063641
2063643
2063644
2063645
2063646
2063647
2063649
2063650
2063651
2063652
2063654
2063655
2063656
2063657
2063658
2063659
2063661
2063662
2063663
2063664
2063665
2063666
2063668
2063669
2063670
2063671
2063672
2063674
2063675
2063676
2063677
2063678
2063680
2063681
2063682
2063683
2063684
2063686
2063687
2063688
2063689
2063690
2063692
2063693
2063694
2063695
2063696
2063698
2063699
2063700
2063701
2063702
2063703
2063705
2063706
2063707
2063708
2063709
2063711
2063712
2063713
2063714
2063715
2063716
2063718
2063719
2063720
2063721
2063722
2063723
2063724
2063726
2063727
2063728
2063729
2063730
2063731
2063733
2063734
2063735
2063736
2063737
2063739
2063740
2063741
2063742
2063743
2063744
2063746
2063747
2063748
2063749
2063750
2063751
2063752
2063754
2063755
2063756
2063757
2063758
2063759
2063761
2063762
2063763
2063764
2063765
2063767
2063768
2063769
2063770
2063771
2063773
2063774
2063775
2063776
2063777
2063779
2063780
2063781
2063782
2063784
2063785
2063786
2063787
2063788
2063790
2063791
2063792
2063793
2063794
2063796
2063797
2063798
2063799
2063800
2063801
2063802
2063804
2063805
2063806
2063807
2063808
2063809
2063810
2063812
2063813
2063814
2063815
2063816
2063818
2063819
2063820
2063821
2063822
2063824
2063825
2063826
2063827
2063828
2063829
2063831
2063832
2063833
2063834
2063835
2063837
2063838
2063839
2063840
2063841
2063843
2063844
2063845
2063846
2063847
2063848
2063850
2063851
2063852
2063853
2063854
2063855
2063856
2063857
2063858
2063859
2063860
2063861
2063862
2063863
2063864
2063865
2063866
2063867
2063868
2063869
2063870
2063871
2063872
2063873
2063874
2063875
2063876
2063877
2063878
2063879
2063880
2063881
2063882
2063883
2063884
2063885
2063886
2063887
2063888
2063889
2063890
2063891
2063892
2063893
2063894
2063895
2063896
2063897
2063898
2063899
2063900
2063901
2063902
2063903
2063904
2063905
2063906
2063907
2063908
2063909
2063910
2063912
2063913
2063914
2063915
2063916
2063917
2063918
2063919
2063920
2063921
2063922
2063923
2063924
2063925
2063926
2063927
2063928
2063929
2063930
2063931
2063932
2063933
2063934
2063935
2063936
2063937
2063938
2063939
2063940
2063941
2063942
2063943
2063944
2063945
2063946
2063947
2063948
2063949
2063950
2063951
2063952
2063953
2063954
2063955
2063956
2063957
2063958
2063959
2063960
2063961
2063962
2063963
2063965
2063966
2063967
2063968
2063969
2063970
2063971
2063972
2063973
2063974
2063975
2063976
2063977
2063978
2063979
2063980
2063981
2063982
2063983
2063984
2063985
2063986
2063987
2063988
2063989
2063990
2063991
2063992
2063993
2063994
2063995
2063996
2063997
2063998
2063999
2064000
2064001
2064002
2064003
2064004
2064006
2064007
2064008
2064009
2064010
2064011
2064012
2064014
2064015
2064016
2064017
2064018
2064019
2064020
2064022
2064023
2064024
2064025
2064026
2064027
2064028
2064030
2064031
2064032
2064033
2064034
2064035
2064036
2064037
2064038
2064039
2064041
2064042
2064043
2064044
2064045
2064046
2064047
2064048
2064049
2064050
2064051
2064052
2064053
2064054
2064055
2064057
191275
191276
191278
191280
191281
191283
191285
191287
191288
191290
191291
191293
191294
191296
191298
191300
191302
191303
191305
191306
191307
191308
191309
191310
191311
191312
191313
191314
191315
191316
191317
191318
191319
191320
191322
1183616
1183617
1183618
1183620
1183621
1183622
1183623
1183625
1183626
1183627
1183628
1183630
1183631
1183632
1183633
1183635
1183636
1183637
1183639
1183640
1183641
1183643
1183644
1183645
1183647
1183648
1183649
1183650
1183652
1183653
1183654
1183655
1183657
1183658
1183659
1183660
1183662
1183663
1183664
1183666
1183667
1183668
1183670
1183671
1183672
1183674
1183675
1183676
1183678
1183679
1183680
1183682
1183683
1183684
1183686
1183687
1183688
1183689
1183691
1183692
1183693
1183694
1183696
1183697
1183698
1183699
1183701
1183702
1183703
1183705
1183706
1183707
1183709
1183710
1183711
1183713
1183714
1183715
1183717
1183718
1183719
1183721
1183722
1183723
1183725
1183726
1183727
1183728
1183729
1183730
1183731
1183732
1183733
1183734
1183735
1183736
1183737
1183738
1183739
1183740
1183741
1183742
1183743
1183744
1183745
1183746
1183747
1183748
1183749
1183750
1183751
1183752
1183753
1183754
1183755
1183756
1183757
1183758
1183759
1183760
1183761
1183762
1183763
1183764
1183765
1183766
1183767
1183768
1183769
1183770
1183771
1183772
1183773
1183774
1183775
1183776
1183777
1183778
1183779
1183780
1099667
1099668
1099670
1099671
1099672
1099674
1099675
1099676
1099678
1099679
1099680
1099682
1099683
1099684
1099685
1099687
1099688
1099689
1099691
1099692
1099693
1099695
1099696
1099697
1099699
1099700
1099701
1099702
1099703
1099705
1099706
1099708
1099709
1099711
1099713
1099714
1099715
1099717
1099718
1099719
1099721
1099722
1099723
1099725
1099726
1099727
1099729
1099730
1099731
1099733
1099734
1099735
1099737
1099738
1099739
1099741
1099742
1099743
1099745
1099746
1099747
1099555
1099556
1099557
1099559
1099560
1099561
1099563
1099564
1099565
1099567
1099568
1099569
1099571
1099572
1099573
1099575
1099576
1099577
1099579
1099580
1099581
1099583
1099584
1099585
1099587
1099588
1099589
1099591
1099592
1099593
1099595
1099596
1099597
1099598
1099599
1099600
1099601
1099602
1099603
1099604
1099605
1099606
1099607
1099608
1099609
1099610
1099611
1099612
1099613
1099614
1099615
1099616
1099617
1099618
1099619
1099620
1099621
1099622
1099623
1099624
1099625
1099626
1099627
1099628
1099629
1099630
1099631
1099632
1099633
1099634
1099635
1099636
1099637
1099638
1099639
1099640
1099641
1099642
1099643
1099644
1099645
1099646
1099647
1099648
1099649
1099650
1099651
1099652
1099653
1099654
1099655
1099656
1099657
1099658
1099659
1099660
1099661
1099662
1099663
1099664
1099665
1099666
1031172
1031173
1031174
1031176
1031177
1031178
1031180
1031181
1031182
1031184
1031185
1031186
1031188
1031189
1031190
1031192
1031193
1031194
1031196
1031197
1031198
1031199
1031200
1031201
1031202
1031203
1031204
1031205
1031206
1031208
1031209
1031210
1031212
1031213
1031214
1031216
1031217
1031218
1031219
1031220
1031221
1031222
1031223
1031224
1031225
1031226
1031228
1031229
1031230
1031232
1031233
1031234
1031236
1031237
1031238
1031240
1031241
1031242
1031244
1031246
1031247
1031248
1031250
1031251
1031252
1031254
1031255
1031256
1031258
1031259
1031260
1031262
1031263
1031264
1031265
1031266
1031267
1031268
1031269
1031271
1031272
1031273
1031275
1031276
1031277
1031279
1031280
1031281
1031283
1031284
1031285
1031287
1031288
1031289
1321463
1321465
1321466
1321467
1321469
1321470
1321471
1321473
1321474
1321475
1321476
1321478
1321479
1321480
1321482
1321483
1321484
1321486
1321487
1321488
1321490
1321491
1321492
1321494
1321495
1321496
1321498
1321499
1321500
1321502
1321503
1321504
1321506
1321507
1321508
1321510
1321511
1321512
1321513
1321515
1321516
1321517
1321518
1321520
1321521
1321522
1321524
1321525
1321526
1321528
1321529
1321530
1321532
1321533
1321534
1321536
1321537
1321538
1321540
1321541
1321542
1321544
1321545
1321546
1321547
1321549
1321550
1321551
1321552
1321554
1321555
1321556
1321558
1321559
1321560
1321561
1321562
1321563
1321564
1321565
1321566
1321567
1321568
1321569
1321570
1321571
1321572
1321573
1321574
1321575
1321576
1321577
1321578
1321579
1321580
1321581
1321582
1321583
1321584
1321585
1321586
1321587
1321588
1321589
1321590
1321591
1321592
1321593
1321594
1321595
1321596
1321597
1321598
1321599
1321600
1321601
1321602
1458083
1458084
1458085
1458087
1458088
1458089
1458090
1458092
1458093
1458094
1458095
1458097
1458098
1458099
1458100
1458102
1458103
1458104
1458105
1458107
1458108
1458109
1458110
1458112
1458113
1458114
1458115
1458117
1458118
1458119
1458120
1458122
1458123
1458124
1458125
1458127
1458128
1458129
1458130
1458132
1458133
1458134
1458135
1458137
1458138
1458139
1458140
1458142
1458143
1458144
1458145
1458147
1458148
1458149
1321441
1321442
1321443
1321445
1321446
1321447
1321449
1321450
1321451
1321453
1321454
1321455
1321457
1321458
1321459
1321461
1321462
1458150
1458152
1458153
1458154
1458155
1458157
1458158
1458159
1458160
1458162
1458163
1458164
1458165
1458167
1458169
1458170
1458171
1458172
1458174
1458175
1458176
1458177
1458179
1458180
1458181
1458182
1458184
1458185
1458186
1458187
1458189
1458190
1458191
1458192
1458194
1458195
1458196
1458197
1458199
1458200
1458201
1458202
1458204
1458205
1458206
1458207
1458209
1458210
1458211
1458212
1458214
1458216
1458217
1458218
1458219
1458221
1458222
1458223
1458225
1458226
1458227
1458228
1458230
1458231
1458232
1458233
1458235
1458236
1458237
1458238
1458240
1458241
1458242
1458243
1458245
1458246
1458247
1458249
1458250
1458251
1458253
1458254
1458255
1458257
1458258
1458259
1458260
1458261
1458262
1458263
1458265
1458266
1458268
1458269
1458270
1458271
1458272
1458273
1458274
1458275
1458276
1458277
1458278
1458279
1458280
1458281
1458282
1458284
1458285
1458286
1458287
1458288
1458289
1458290
1458291
1458292
1458293
1458294
1458295
1458296
1458297
1458298
1458300
1458301
1458302
1458303
1458304
1458305
1458306
1458308
1458309
1458310
1458311
1458312
1458313
1458314
1458315
1458316
1458317
1458318
1458319
1458320
1458321
1458322
1458324
1458325
1458326
1458327
1458328
1458329
1458330
1458331
1458332
1458333
1458334
1458335
1458336
1458337
1458339
1458340
1458341
1458342
1458343
1458345
1458346
1458347
1458348
1458349
1458350
1458351
1458352
1458353
1458354
1458355
1458356
1458357
1458359
1458360
1458361
1458362
1458363
1458364
1458365
1458366
1458367
1458368
266719
266721
266844
266847
266851
266854
266855
266858
266861
266863
266865
266867
266869
266872
266876
266879
266880
266883
266885
266886
266888
266890
266891
266893
266895
266896
266898
266899
266901
266903
266904
266905
266906
266908
266909
266910
266912
266913
266915
266916
266918
266920
266921
266923
266924
266925
266927
266929
238362
238364
238365
238367
238369
238371
238372
238374
238437
238440
238444
238447
238452
238456
238460
238465
238470
238475
238477
238480
238484
238488
238490
238495
238497
238500
238503
238505
238547
238550
238552
238557
238560
238563
238565
238569
238575
238578
323229
323230
323231
323232
319951
319952
319953
319954
319955
319956
319957
319958
319959
319960
319961
319962
319963
319964
319965
319966
319968
319970
319971
319972
319974
319975
319976
319978
319979
319980
319981
320005
320007
320008
320010
320011
320012
320013
320015
320018
320020
320021
320022
320023
320024
320025
320026
320027
320028
320029
320030
320031
320032
320034
320048
320049
320050
320051
320052
320053
320054
320055
320056
320057
320058
320059
320060
320061
320062
221280
221284
221287
221319
221320
221321
221322
221325
221327
221329
221331
221336
221338
221339
221340
221347
221349
221358
221360
221363
221365
221545
221561
221562
221565
221566
221567
221569
221571
221574
221575
221578
221580
221583
221585
221586
221590
221591
221595
221597
221599
221600
221602
221605
221608
221610
221624
221638
221641
221645
221648
221650
221652
221653
221654
288688
288689
288691
288693
288694
288634
288635
288636
288637
288638
288639
288640
288641
288642
288643
288644
288645
288646
288647
288648
288649
288650
288651
288652
288653
288654
288655
288656
288657
288658
288659
288660
288661
288662
288663
288664
288665
288666
288667
288668
288669
288670
288671
288672
288673
288674
288675
288676
288677
288678
288679
288683
288685
288686
241002
354765
354767
354768
354772
354775
354777
354780
354785
354787
354792
354794
354804
354805
354806
354807
354808
354809
354810
354811
354812
354813
354814
354815
354816
354817
354818
354819
354820
354821
354822
354823
354824
354825
354826
354827
354828
354829
354830
354831
354832
354833
354834
354835
354836
354838
354839
354840
354841
354842
354843
354844
354845
354846
354847
354848
354849
354850
354851
354852
354853
354854
354855
354856
354857
354858
354859
354860
354861
352306
352307
352308
352309
352310
352311
352312
352313
352314
352315
352316
352317
352318
352319
352320
352321
352322
502587
502588
502589
502591
502592
502593
502595
502596
502597
502599
502600
502601
502603
502604
502605
502607
502608
502609
502610
502612
502613
502614
502615
502617
502618
502619
502621
502622
502623
502625
502626
502627
502629
502630
502631
502633
502634
502635
502637
502638
502639
502640
502642
502643
502644
502646
502647
502648
502650
502651
502652
502654
502655
502656
502657
502659
502660
502661
502662
502664
502665
502666
502668
502669
502670
502671
502673
502674
502675
502677
502678
502679
502681
502682
502683
502685
502686
502687
502688
502689
502690
502691
502693
502694
502695
502696
502697
502698
502699
502700
502702
502703
584793
584794
584795
584797
584798
584799
584801
584802
584803
584804
584806
584807
584808
584809
584811
584812
584813
584815
584816
584817
584819
584820
584821
584823
584824
584825
584827
584828
584829
584831
584832
584833
584835
584836
584837
584839
584840
584841
584842
584843
584844
584846
584847
584848
584850
584851
584852
584854
584855
584856
584858
584859
584860
584862
584863
584864
584866
584867
584868
584870
584871
584872
584873
584875
584876
584877
584878
584880
584881
584882
584884
584885
584886
584888
584889
584890
584892
584893
584894
584896
584897
584898
584900
584901
584903
584904
584905
329374
584906
584907
584908
584909
584910
584911
584912
584913
584914
584915
584916
584917
584918
584919
956864
956866
956867
956868
956870
956871
956872
956874
956875
956877
956878
956879
956881
956882
956883
956885
956886
956887
956889
956890
956891
956893
956894
956896
956897
956898
956899
956901
956902
956903
956905
956906
956907
956909
956910
956911
956913
956914
956916
956917
956918
956920
956921
956922
956924
956925
956926
956928
956929
956930
956932
956933
956934
956936
956937
956938
956940
956941
956942
956944
956945
956946
956948
956949
956951
956952
956953
956955
956956
956957
956959
956960
956961
956962
956963
956964
956965
956966
956967
956968
956969
956970
956971
956972
956973
956974
956975
956976
352304
352305
2398570
2398571
2398574
2398573
2398572
2398579
2398578
2398577
2398576
2398560
2398569
2398562
2398561
2398564
2398563
2398566
2398565
2398568
2398567
2398592
2398593
2398590
2398591
2398599
2398598
2398597
2398596
2398595
2398594
2398580
2398581
2398582
2398588
2398587
2398589
2398584
2398583
2398586
2398585
2398530
2398531
2398534
2398535
2398532
2398533
2398538
2398539
2398536
2398537
2398520
2398521
2398522
2398523
2398524
2398525
2398526
2398527
2398528
2398529
2398556
2398557
2398554
2398555
2398552
2398553
2398550
2398551
2398558
2398559
2398543
2398544
2398545
2398546
2398540
2398541
2398542
2398547
2398548
2398549
2398608
2398607
2398606
2398605
2398604
2398603
2398602
2398601
2398600
2398618
2398617
2398619
2398614
2398613
2398616
2398615
2398610
2398612
2398611
2398627
2398626
2398625
2398624
2398629
2398628
2398623
2398622
2398621
2398620
2398636
2398635
2398638
2398637
2398639
2398630
2398632
2398631
2398634
2398633
2398691
2398692
2398690
2398696
2398695
2398694
2398693
2398699
2398698
2398697
2530275
2398680
2398681
2398683
2398682
2398685
2398684
2398687
2398686
2398689
2398688
2398670
2398679
2398677
2398678
2398675
2398676
2398673
2398674
2398671
2398672
2398668
2398669
2398664
2398665
2398666
2398667
2398660
2398661
2398662
2398663
2398659
2398657
2398658
2398651
2398652
2398655
2398656
2398653
2398654
2398646
2398647
2398648
2398649
2398640
2398641
2398642
2398643
2398644
2398645
2398744
2398743
2398742
2398741
2398748
2398747
2398746
2398745
2398749
2398751
2398753
2398752
2398755
2398754
2398757
2398756
2398759
2398758
2398722
2398721
2398728
2398727
2398726
2398725
2398724
2398723
2398731
2398730
2398733
2398732
2398739
2398738
2398735
2398734
2398737
2398736
2398703
2398704
2398701
2398702
2398707
2398708
2398705
2398706
2398700
2398712
2398713
2398714
2398715
2398716
2398717
2398718
2398719
2398710
2398709
2398398
2398399
2398439
2398437
2398438
2398435
2398433
2398434
2398431
2398432
2398426
2398427
2398428
2398429
2398422
2398423
2398425
2398420
2398421
2398417
2398415
2398416
2398419
2398410
2398414
2398411
2398412
2398404
2398405
2398406
2398408
2398409
2398400
2398401
2398403
2398479
2398478
2398477
2398476
2398475
2398474
2398473
2398471
2398472
2398470
2398467
2398466
2398469
2398468
2398463
2398462
2398465
2398464
2398460
2398461
2398454
2398453
2398451
2398458
2398457
2398456
2398455
2398459
2398450
2398441
2398440
2398443
2398445
2398444
2398446
2398449
2398448
2398490
2398492
2398491
2398494
2398493
2398495
2398496
2398497
2398498
2398499
2398483
2398482
2398481
2398480
2398486
2398487
2398484
2398485
2398488
2398489
2398502
2398501
2398500
2398506
2398505
2398504
2398503
2398509
2398508
2398507
2398511
2398510
2398515
2398514
2398517
2398516
2398519
2398518
2396794
2396795
2396797
2396791
2396792
2396793
2396798
2396799
2396785
2396786
2396783
2396781
2396782
2396780
2396789
2396787
2396788
2396777
2396776
2396779
2396771
2396770
2396773
2396775
2396774
2396768
2396767
2396765
2396769
2396764
2396763
2396812
2396811
2396810
2396816
2396815
2396813
2396809
2396806
2396807
2396801
2396800
2396803
2396805
2396804
2396837
2396838
2396835
2396836
2396833
2396831
2396832
2396830
2396828
2396825
2396826
2396827
2396820
2396821
2396822
2396823
2396818
2396817
2396855
2396856
2396853
2396854
2396859
2396857
2396851
2396850
2396842
2396843
2396844
2396845
2396847
2396848
2396849
2396841
2396839
2396872
2396871
2396874
2396873
2396879
2396875
2396878
2396877
2396863
2396862
2396861
2396860
2396869
2396868
2396867
2396866
2396865
2396881
2396880
2396885
2396884
2396883
2396886
2398765
2398764
2398763
2398762
2398761
2398760
2505678
2505673
2505674
2505671
2505680
2505686
2505687
2505689
2505683
2505684
2505685
2505691
2505692
2505690
2505695
2505696
2505699
2505698
2532442
2505609
2505607
2505605
2505614
2505616
2505618
2505617
2505623
2505626
2505624
2505629
2505628
2505633
2505639
2505636
2505637
2505638
2505643
2505641
2505640
2505656
2505709
2505706
2505707
2505701
2505702
2505703
2505704
2527109
2527108
2505575
2505572
2505576
2505577
2505571
2505583
2505585
2505587
2505580
2505581
2505559
2505558
2505556
2505557
2505554
2505555
2505553
2505569
2505567
2505561
2505562
2505563
2505564
2505560
2505592
2505591
2505599
2505595
2505531
2505530
2505533
2505536
2505539
2505541
2505540
2505546
2505545
2505544
2505543
2505549
2505547
2505548
2505518
2505519
2505523
2505520
2505529
2505527
2505525
2505526
2507818
2507815
2507816
2507814
2507855
2507856
2507850
2507851
2507852
2507858
2507866
2507862
2507665
2508196
2508197
2508211
2508210
2508215
2508206
2508205
2508207
2508203
2508209
2505728
2505720
2505722
2505714
2505715
2505713
2505718
2505716
2505717
2505711
2505710
2505749
2505745
2505746
2505747
2505748
2505742
2505741
2505740
2505734
2505732
2505762
2505763
2505764
2505765
2505759
2505757
2505756
2505750
2505754
2505755
2505753
2523611
2523648
2514694
2514691
2514699
2514701
