150955
1718920
1718921
1718922
1718923
1718925
1718926
1718927
1718928
1718930
1718931
1718932
1718934
1718935
1718936
1718937
1718938
1718940
1718941
1718942
1718943
1718945
1718946
1718947
1718949
1718950
1718951
1718953
1718954
1718955
1718957
1718958
1718959
1718961
1718962
1718963
1718964
1718965
1718967
1718968
1718969
1718971
1718972
1718973
1718975
1718976
1718977
1718979
1718980
1718981
1718983
1718984
1718985
1718987
1718988
1718989
1718991
1718992
1718993
192858
192861
192866
192869
192871
192875
192878
192880
192883
192886
192888
192892
192893
192895
192900
192905
193006
193010
193011
193014
193016
193019
193021
193025
193028
193030
193032
193036
193038
193041
193044
193049
193051
193054
193057
193060
193064
193065
193066
1958826
1958827
1958828
1958830
1958831
1958832
1958834
1958835
1958836
1958838
1958839
1958840
1958842
1958843
1958844
1958846
1958847
1958848
1958850
1958851
1958852
1958854
1958855
1958856
1958857
1958859
1958860
1958861
1958863
1958864
1958865
1958867
1958868
1958869
1958870
1958871
1958872
1958874
1958875
1958876
1958877
1958878
1958880
1958881
1958882
1958883
1958884
1958885
1958887
1958888
1958889
1958891
1958892
1958893
1958895
1958896
1958897
1958898
1958900
1958901
1958902
1958904
1958905
1958906
1958908
1958909
1958910
1958912
1958913
1958914
1958915
1958916
1958917
1958918
1958919
1958920
1958922
1958923
1958924
1958925
1958926
1958927
1958928
1958929
1958930
1958931
1958932
1958933
1958934
1958935
1958936
1958937
1958938
1958939
1958940
1958941
1958942
1958943
1958944
1958945
1958946
1958947
1958948
1958949
1958950
1958951
1958952
1958953
1958954
1958955
1958956
1958957
2141514
2141515
2141516
2141517
2141518
2141519
2141520
2141521
2141522
2141523
2141524
2141525
2141526
2141527
2141529
2141530
2141531
2141533
2141534
2141535
2141536
2141537
2141538
2141539
2141541
2141542
2141543
2141544
2141545
2141546
2141547
2141548
2141549
2141550
2141551
2141552
2141553
2141554
2141555
2141556
2141557
2141558
2141559
2141560
2141561
2141562
2141563
2141564
2141565
2141566
2141567
2141568
2141569
2141570
2141571
2141572
2141573
2141574
2141575
2141576
2141577
2141578
2141579
2141580
2141581
2141582
2141583
2141584
2141585
2141586
2141587
2141588
2141589
2141590
2141591
2141592
2141594
2141595
2141596
2141597
2141598
2141599
2141600
2141601
2141602
2141604
2141605
2141606
2141608
2141609
2141610
2141611
2141612
2141613
2141614
2141615
2141616
2141617
2141618
2141619
2141620
2141621
2145206
2145208
2145210
2145212
2145213
2145214
2145215
2145217
2145218
2145219
2145220
2145222
2145223
2145224
2145225
2145227
2145228
2145229
2145230
2145232
2145233
2145234
2145235
2145237
2145238
2145239
2145240
2145242
2145243
2145244
2145245
2145246
2145247
2145249
2145250
2145251
2145252
2145254
2145255
2145256
2145257
2145259
2145260
2145261
2145262
2145264
2145265
2145266
2145267
2145269
2145270
2145271
2145272
2145274
2145275
2145276
2145277
2145279
2145280
2145281
2145282
2145284
2145285
2145286
2145287
2145289
2145290
2145291
2145292
2145294
2145295
2145296
2145297
2145299
2145300
2145301
2145302
2145304
2145305
2145306
2145307
2145309
2145310
2145311
2145312
2145314
2145315
2145316
2145317
2145319
2145320
2145321
2145322
2145324
2145325
2145326
2145327
2145329
2145330
2145331
2145332
2145334
2145335
2145336
2145337
2145339
2145340
2145341
2145342
2145344
2145345
2145346
2145347
2145349
2145350
2145351
2145352
2145354
2145355
2145356
2145357
2145359
2145360
2145361
2145362
2145364
2145365
2145366
2145367
2145369
2145370
2145371
2145372
2145374
2145375
2145376
2145377
2145379
2145380
2145381
2145382
2145383
2145384
2145386
2145387
2145388
2145389
2145391
2145392
2145393
2145394
2145396
2145397
2145398
2145399
2145401
2145402
2145403
2145404
2145406
2145407
2145408
2145409
2145411
2145412
2145413
2145414
240175
240176
240186
240187
240188
240190
240193
240196
240200
240203
240229
240230
240232
240236
240238
240243
240246
240247
240249
240252
240254
240256
240257
240259
240262
240295
240298
240300
240302
240305
240309
240314
240316
240319
240322
240326
240342
240346
240348
240349
240350
240351
240352
240353
240355
240356
240357
240358
240359
240360
240361
240362
240363
240364
240365
240366
240367
1031634
1031635
1031636
1031638
1031639
1031640
1031642
1031643
1031644
1031646
1031647
1031648
1031649
1031651
1031653
1031654
1031655
1031657
1031658
1031659
1031660
1031662
1031663
1031664
1031666
1031667
1031668
1031669
1031671
1031672
1031673
1031675
1031677
1031678
1031679
1031681
1031682
1031683
1031685
1031686
1031687
1031689
1031690
1031691
1031692
1031693
1031695
1031696
1031697
1031698
1031700
1031702
1031703
1031704
1031705
1031707
1031708
1031709
1031710
1031712
1031713
1031714
1031609
1031610
1031611
1031612
1031614
1031615
1031616
1031618
1031620
1031621
1031622
1031624
1031625
1031626
1031628
1031630
1031631
1031632
1024798
1180877
1180878
1180879
1180880
1180882
1180883
1180884
1180886
1180887
1180888
1180890
1180891
1180892
1180894
1180895
1180896
1180898
1180899
1180900
1180901
1180903
1180904
1180905
1180906
1180908
1180909
1180910
1180912
1180913
1180914
1180916
1180917
1180918
1180920
1180921
1180922
1180924
1180925
1180926
1180928
1180929
1180930
1180932
1180933
1180934
1180936
1180937
1180938
1180939
1180941
1180942
1180943
1180944
1180946
1180947
1180948
1180950
1180951
1180952
1180954
1180955
1180956
143458
143459
143460
143461
143462
143463
143464
143465
143466
143467
143468
143469
143470
143471
143472
143473
143474
143475
143476
143477
143478
143479
143480
143481
143482
143513
143517
143521
143524
143527
143530
143532
143535
143536
143538
143539
143542
143544
143546
143547
143549
143550
143552
143554
143556
1460565
1460566
1460567
1460568
1460569
1460571
1460572
1460573
1460575
1460576
1460577
1460579
1460580
1460581
1460583
1460584
1460585
1460587
1460588
1460589
1460591
1460592
1460593
1460594
1460596
1460597
1460598
1460600
1460601
1460603
1460604
1460605
1460606
1460608
1460609
1460610
1460611
1460612
1460614
1460615
1460616
1460618
1460619
1460620
1460621
1460623
1460624
1460625
1460627
1460628
1460629
1460631
1460632
1460633
1460635
1460636
1460637
1460639
1460640
1460641
1460642
1460644
1460645
1460646
1460648
1460649
1460650
1460652
1460653
1460654
1460656
1460657
1460658
1460660
1460661
1460662
1460664
1460665
1460666
1460668
1460669
1460670
1460672
1460673
1460674
1460675
331531
289449
289450
289453
289456
289461
289466
289469
289474
289483
289484
289485
289486
289487
289488
289489
289490
289491
289492
289493
289494
289495
289496
289497
289498
289499
289500
289501
289502
289503
289504
289505
289506
289507
289508
289509
289510
289511
289512
289513
289514
289515
289516
289517
289519
289520
289521
289522
289804
358945
358947
358948
358950
358952
358963
358972
358975
358978
358980
358981
358982
358983
358984
358985
358986
358987
358988
358989
358990
358991
358992
358993
358994
358995
358996
358997
358998
358999
359000
359001
359002
359003
359004
359005
361973
361976
361977
361979
361981
361983
361985
361986
361989
361990
362073
362074
362075
362077
362078
362079
358935
269747
570362
570363
587080
587081
587082
587084
587085
587086
587088
587089
587090
587092
587093
587094
587096
587097
587098
587100
587101
587102
587104
587105
587106
587108
587109
587110
587112
587113
587114
587116
587117
587118
587120
587121
587122
587124
587125
587126
587128
587129
587130
637071
637072
637073
637075
637076
637077
637079
637080
637081
637082
637084
637086
637088
637089
637090
637092
637093
637094
637096
637097
637098
637099
637101
637103
637105
637106
637107
637109
637110
637111
637113
637114
637115
637116
637118
318442
318345
318346
318347
318348
318349
318350
318351
318352
318353
318354
318355
318356
318358
318359
318360
318362
318363
318364
318365
318366
318367
318368
318369
318370
318403
318408
318412
318414
318415
318416
318417
318418
318419
318420
318421
318422
318423
318434
62267
62268
62269
62270
62271
62272
62273
62274
62275
62276
62277
62278
62279
62280
62281
62282
62283
62284
62285
62286
62287
62288
62289
62290
62291
62292
62293
62294
62295
62296
616708
616709
616710
616711
616712
616713
616714
616715
371585
371587
371588
371589
371590
371591
371592
371594
371595
371596
975700
99335
99337
99338
99340
99341
99343
99344
99345
99347
99348
99350
99351
99352
99353
99354
99355
99356
99357
99358
99359
99360
99361
99362
99363
99364
99365
99366
99367
99368
99369
2441961
2441960
2441963
2441962
2441964
2441967
2441966
2441957
2441958
2441959
2441832
2441833
2441835
2441836
2441837
2441838
2441830
2441831
2441823
2441821
2441822
2441827
2441828
2441825
2441826
2441820
2441818
2441815
2441816
2441817
2441810
2441811
2441812
2441813
2441808
2441807
2441806
2441803
2441804
2441801
2441802
2442007
2442006
2442005
2442004
2442003
2442002
2442001
2442000
2442009
2442008
2441983
2441985
2441984
2442019
2441981
2441980
2442017
2442018
2442015
2442016
2442013
2441987
2442014
2441986
2442011
2441989
2442012
2441988
2442010
2441788
2441789
2441784
2441786
2441787
2441781
2441782
2441783
2441996
2441995
2441994
2441993
2441992
2441991
2441990
2442027
2442028
2442029
2442022
2441999
2442024
2441998
2442025
2441997
2442021
2442020
2441799
2441797
2441798
2441796
2441793
2441794
2441791
2441792
2442035
2442033
2442034
2441969
2441968
2442032
2442031
2442030
2441970
2441974
2441973
2441972
2441971
2441977
2441976
2441975
2441979
2441779
2441778
2441906
2441907
2441908
2441910
2441912
2441911
2441913
2441916
2441915
2441901
2441900
2441905
2441903
2441902
2441928
2441930
2441935
2441936
2441937
2441938
2441931
2441932
2441933
2441918
2441917
2441926
2441927
2441925
2441922
2441923
2441920
2441921
2441950
2441952
2441953
2441954
2441940
2441941
2441944
2441945
2441942
2441948
2441949
2441946
2441843
2441846
2441845
2441848
2441847
2441840
2441842
2441841
2441857
2441856
2441855
2441858
2441853
2441852
2441851
2441850
2441866
2441865
2441868
2441867
2441862
2441861
2441863
2441860
2441878
2441877
2441876
2441875
2441873
2441872
2441871
2441870
2441880
2441881
2441882
2441883
2441885
2441886
2441887
2441888
2441892
2441893
2441890
2441891
2441896
2441897
2441895
2441898
