1502654
1502656
1502657
1502658
1502659
1502661
1502662
1502663
1502664
1502666
1502667
1502668
1502670
1502671
1502672
1502673
1502675
1502676
1502677
1502678
1502680
1502681
1502682
1502683
1502685
1502686
1502687
1502688
1502690
1502691
1502692
1502693
1502695
1502696
1502697
1502698
1502700
1502701
1502702
1502703
1502704
1502705
1502706
1502707
1502708
1502709
1502710
1502711
1502712
1502713
1502714
1502715
1502716
1502717
1502718
1502719
1502720
1502722
1502723
1502724
1502725
1502726
1502727
1502728
1502729
1502731
1502732
1502733
1502734
1502735
1502736
1502737
1502652
1502653
169901
169905
169908
169915
169919
169922
169925
169928
169933
169939
169945
169951
169955
169962
169965
169968
169972
169980
169989
169991
169994
169998
170001
170004
170008
170012
170016
170018
170022
170025
170029
170032
1719972
1719973
1719974
1719976
1719977
1719978
1719980
1719981
1719982
1719984
1719985
1719986
1719988
1719989
1719990
1719992
1719993
1719994
1719996
1719997
1719998
1719999
1720001
1720002
1720004
1720005
1720006
1720008
1720009
1720010
1720011
1720012
1720013
1720014
1720015
1720016
1720017
1720018
1720019
1720020
1720021
1720022
1720023
1720024
1720025
1720026
1720027
1720028
1720029
1720030
1720031
1720032
1720033
1720034
1720035
1720036
1720037
1720038
1720039
1720040
1720042
1720043
1720044
1720045
1720046
1720047
1720048
1720049
1720050
1720051
1720052
1720053
1720054
1720055
1720056
1720058
1720059
1720060
1720061
1720062
1720063
169892
169893
169894
169895
169896
169897
169899
1943493
1943494
1943495
1943496
1943497
1943498
1943500
1943501
1943503
1943504
1943505
1943506
1943507
1943508
1943509
1943510
1943511
1943512
1943405
1943407
1943408
1943409
1943410
1943412
1943413
1943414
1943416
1943417
1943418
1943420
1943422
1943423
1943424
1943425
1943427
1943428
1943429
1943431
1943432
1943433
1943434
1943436
1943438
1943439
1943440
1943441
1943443
1943444
1943445
1943447
1943448
1943449
1943450
1943451
1943452
1943453
1943454
1943455
1943456
1943457
1943458
1943459
1943460
1943461
1943462
1943463
1943464
1943465
1943466
1943467
1943468
1943469
1943470
1943471
1943472
1943473
1943474
1943475
1943476
1943477
1943478
1943479
1943480
1943481
1943482
1943484
1943485
1943486
1943487
1943488
1943489
1943490
1943491
1943492
1286820
1216316
1216317
1216319
1216320
1216321
1216323
1216324
1216325
1216327
1216328
1216330
1216331
1216332
1216334
1216335
1216336
1216338
1216339
1216340
1216342
1216343
1216344
1216345
1216346
1216347
1216348
1216349
1216350
1216351
1216352
1216353
1216354
1216355
1216356
1216357
1216358
1216359
1216360
1216361
1216362
1216363
1216364
1216365
1216366
1216367
1216368
1216369
1216297
1216298
1216300
1216301
1216303
1216304
1216305
1216307
1216308
1216309
1216311
1216312
1216313
1216315
1111451
1111452
1111454
1111455
1111456
1111457
1111459
1111460
1111461
1111463
1111464
1111465
1111467
1111468
1111469
1111471
1111472
1111473
1111475
1111476
1111477
1111479
1111480
1111481
1111483
1111484
1111486
1111487
1111488
1111490
1111491
1111492
1111494
1111495
1111496
1111497
1111499
1111500
1111501
1111503
1111504
1111505
1111506
1111507
1111508
1111509
1111510
1111511
1111512
1111513
1111514
1111515
1111516
1111517
1111518
1111519
1111520
1111521
1111522
1111523
1111524
1111525
1111526
1111527
1111528
1111529
1111530
1040831
1040832
1040833
1040835
1040837
1040838
1040839
1040841
1040842
1040843
1040845
1040846
1040847
1040849
1040850
1040851
1040852
1040854
1040855
1040856
1040857
1040859
1040860
1040861
1040862
1040864
1040865
1040866
1040867
1040869
1040870
1040871
1040872
1040874
1040875
1040876
1040877
1040879
1040880
1040881
1040883
1040884
1040885
1040887
1040888
1040890
1040891
1040892
1040893
1040895
1040896
1040898
1040899
1040900
1040901
1040902
1040903
1040904
1040905
1040907
1040908
1040909
1040910
1040911
1040913
1040914
1040915
1040916
1111531
1111532
1111533
1111534
1111535
1111536
1111537
1111538
1111539
1111540
1111541
1378775
1378776
1378777
1378778
1378780
1378781
1378782
1378784
1378785
1378786
1378787
1378788
1378789
1378790
1378792
1378793
1378794
1378796
1378797
1378798
1378800
1378801
1378802
1378804
1378805
1378806
1378807
1378809
1378810
1378811
1378813
1378814
1378815
1378816
1378817
1378818
1378819
1378820
1378821
1378822
1378823
1378824
1378825
1378826
1378827
1378828
1378829
1378830
1378831
1378832
1378833
1378834
1378835
1378836
1378837
1378838
1378839
1378840
1378841
1378842
1378843
1378845
1378846
1378847
1378848
1378849
1378850
1378851
1378852
1378853
1378855
1378856
1378857
1378858
1378859
1378860
1378862
1378863
268390
268391
268393
268394
268395
268396
268397
268398
268399
268400
268401
268402
268405
268406
268407
268408
268409
268410
268412
268414
268416
268417
268418
268420
268422
291081
291082
291083
291084
291085
291086
291087
291088
291089
291090
291091
291092
291093
291094
291095
291096
291097
291098
291099
291100
295093
295120
291101
291102
291103
291104
291105
291106
291107
291108
291109
291110
291111
291112
291113
291114
291115
291116
291117
291118
291119
291120
291121
291122
291123
291124
291125
291126
291127
238219
238220
238221
238222
238281
238283
238285
238287
238290
238293
238298
238309
238310
238311
238312
238313
238314
238315
238316
238317
238318
238319
238320
238322
238323
238324
238325
238326
238327
238328
238329
238330
238331
238332
238333
238335
238337
238338
238342
238344
238347
359819
359822
359824
359829
359832
359836
360098
360100
360102
360116
360119
360122
360278
360287
360291
360293
360295
360297
360301
360305
360310
360314
360320
360325
360327
360330
360332
325745
325748
325756
325758
325763
325768
325774
325776
325781
325782
325784
325787
325788
325790
502718
502719
502720
502722
502723
502724
502725
502726
502727
502728
502729
502730
502731
502732
502733
502734
502735
502736
502737
502738
502739
502740
502741
502742
502744
502745
502746
502747
502748
502749
502750
502751
502752
502753
502754
502755
502756
502757
502758
502759
502760
502761
502762
502763
502764
502765
502766
502767
502768
502769
502770
502771
502773
502774
502775
502776
502777
502778
502779
502780
502781
325791
325792
325796
325798
325800
325803
325806
325808
325810
325812
325814
325817
325821
325825
325827
325833
325835
325842
325843
325845
325848
325850
325852
325854
325856
325858
325859
325861
325864
325866
325868
325870
325872
325877
604084
604085
604086
604087
604088
604089
604090
604091
604092
604093
604094
604095
604096
604097
604098
604099
604100
604101
604102
604103
604104
604105
604106
604107
604108
604109
604111
604112
604113
604114
604115
604116
604117
604118
604119
604120
604121
604122
604123
604124
604125
604047
604048
604049
604051
604052
604053
604054
604055
604056
604057
604058
604059
604060
604061
604062
604063
604064
604065
604066
604067
604068
604069
604070
604071
604072
604073
604074
604075
604076
604077
604078
604080
604081
604082
604083
964443
964444
964446
964447
964449
964450
964451
964453
964454
964455
964457
964458
964459
964461
964462
964464
964465
964466
964468
964469
964470
964472
964473
964475
964476
964477
964479
964480
964481
964483
964484
964485
964486
964487
964488
964489
964490
964491
964492
964493
964494
964495
964496
964497
964498
964499
964500
964501
964502
964503
964504
964505
964506
964507
964508
964509
964510
964511
964512
964513
964514
964515
964516
964517
964518
964519
964520
964521
964522
964523
964524
964525
964526
964527
964529
964530
964531
964532
964533
964534
964535
964536
964537
964538
964540
964541
964542
964543
2167003
2167000
2167001
2167006
2167004
2167005
2167008
2167009
2167031
2167032
2167030
2167036
2167035
2167034
2167033
2167039
2167038
2167037
2167040
2167041
2167042
2167045
2167044
2167047
2167046
2167049
2167048
2167010
2167019
2167018
2167017
2167016
2167015
2167014
2167013
2167012
2167011
2167020
2167021
2167027
2167026
2167029
2167028
2167023
2167022
2167025
2167054
2167053
2167052
2167051
2167050
2167059
2167057
2167058
2167055
2167061
2167060
2166968
2166969
2166979
2166976
2166977
2166978
2166971
2166972
2166973
2166974
2166970
2166989
2166986
2166987
2166981
2166984
2166985
2166982
2166983
2166998
2166999
2166990
2166992
2166993
2166994
2166995
2166996
2449398
2449400
2449402
2449401
2449407
2449409
2449403
2449405
2449406
2449413
2449412
2449411
2449410
2449418
2449419
2449416
2449417
2449415
2449422
2449421
2449424
2449423
2449426
2449427
2449428
2449429
2449431
2449435
2449434
2449433
2449432
2449439
2449437
2449450
2449451
2449452
2449453
2449448
2449447
2449441
2449442
2449440
2449445
2449446
2449443
