1555402
1555403
1555404
1555405
1555406
1555408
1555409
1555410
1555411
1555412
1555414
1555415
1555416
1555417
1555419
1555420
1555422
1555423
1555425
1555426
1555427
1555428
1555430
1555431
1555432
1555433
1555434
1555436
1555437
1555438
1555440
1555441
1555442
1555443
1555445
1555446
1555448
1555449
1555450
1555451
1555452
1555454
1555455
1555456
1555457
1555458
1555459
1555461
1555462
1555463
1555464
1555465
1555466
1555467
1555468
1555469
1555470
1555471
1555472
1555473
1555474
1555475
1555476
1555477
1555478
1555479
1555480
1555481
1555482
1555483
1555484
1555485
1555486
1555487
1555488
1555489
1555490
1555491
1555492
1555493
1555494
1555495
1555496
1555497
1555498
1555499
1555500
1555501
1555502
1555503
1555504
1555505
1555506
1555507
1555508
1555509
1555510
1555511
1555512
1555513
1555515
1555516
1555517
1555518
1555519
1555520
1555521
1555522
1555523
1555524
1555525
1555526
1816125
1816126
1816127
1816129
1816130
1816131
1816133
1816134
1816135
1816137
1816138
1816139
1816141
1816142
1816143
1816145
1816146
1816147
1816148
1816150
1816151
1816152
1816153
1816155
1816156
1816157
1816159
1816160
1816161
1816162
1816164
1816165
1816166
1816168
1816169
1816170
1816172
1816173
1816174
1816175
1816177
1816178
1816179
1816180
1816182
1816184
1816185
1816186
1816187
1816188
1816189
1816190
1816191
1816192
1816193
1816194
1816195
1816196
1816198
1816199
1816200
1816201
1816202
1816203
1816204
1816205
1998078
1998079
1998080
1998081
1998083
1998084
1998085
1998086
1998088
1998089
1998090
1998091
1998093
1998094
1998095
1998096
1998098
1998099
1998100
1998101
1998103
1998104
1998105
1998106
1998108
1998109
1998111
1998112
1998113
1998114
1998116
1998117
1998118
1998119
1998121
1998122
1998123
1998124
1998126
1998127
1998128
1998129
1998131
1998132
1998133
1998134
1998136
1998137
1998138
1998140
1998141
1998142
1998144
1998145
1998146
1998148
1998149
1998150
1998151
1998152
1998153
1998154
1998155
1998156
1998157
1998158
1998159
1998160
1998161
1998162
1998163
1998164
1998165
1998166
1998167
1998168
1998169
1998170
1998171
1998172
1998173
1998174
1998175
1998176
1998177
1998178
1998179
1998181
1998182
1998183
1998184
1998185
1998186
1998187
1998188
1998189
1998190
1998191
1998192
1998193
1998194
1998195
1065387
1065388
1065389
1065390
1065392
1065393
1065394
1065395
1065397
1065398
1065399
1065400
1065402
1065403
1065404
1065406
1065407
1065408
1065409
1065411
1065412
1065414
1065415
1065416
1065418
1065419
1065420
1065422
1065424
1065425
1065426
1065427
1065428
1065430
1065431
1065432
1065434
1065435
1065436
1065438
1065439
1065440
1065442
1065443
1065444
1065445
1065447
1065448
1065450
1065451
1065452
1065454
1065455
1065457
1065458
1065459
1065460
1065462
1065463
1065464
1065466
1065467
1065468
1065469
1065470
1065471
1065472
1065473
1065474
1065475
1065476
1065477
1065478
1065479
1065480
1065481
1065482
1065483
1065484
1065485
1065486
1065487
1065488
1065489
1065490
1065491
1065492
1065493
1065494
1065495
1065496
1065497
1065498
1065499
1065500
1065501
1065502
1065503
1065504
1065505
1065506
1065508
1065509
1065510
1065511
1065512
1065513
1065514
1065515
1065516
1065517
1065518
1065519
1065520
1065521
1065522
1065524
1065525
1065526
1065527
1065528
1065529
1065530
1065531
1065533
1065534
1065535
1065536
1141755
1141756
1141757
1141759
1141760
1141761
1141762
1141764
1141765
1141766
1141768
1141770
1141771
1141772
1141773
1141774
1141776
1141777
1141778
1141779
1141781
1141782
1141783
1141784
1141786
1141787
1141788
1141789
1141791
1141793
1141794
1141795
1141796
1141797
1141798
1141800
1141801
1141802
1141804
1141805
1141806
1141807
1141808
1141810
1141811
1141812
1141813
1141814
1141816
1141817
1141818
1141819
1141821
1141822
1141823
1141824
1141826
1141827
1141828
1141830
1141831
1141832
1141833
1141834
1141835
1141836
1141837
1141838
1141839
1141840
1141841
1141842
1141843
1141844
1141845
1141846
1141847
1141848
1141849
1141850
1141851
1141852
1141853
1141854
1141855
1141856
1141857
1141858
1141859
1141860
1141861
1141862
1141863
1141864
1141865
1141867
1141868
1141869
1141870
1141871
1141872
1141873
1141874
1141875
1141876
1141877
1141878
1141879
1255177
1255178
1255179
1255181
1255182
1255183
1255184
1255186
1255187
1255188
1255190
1255192
1255193
1255194
1255195
1255196
1255198
1255199
1255200
1255201
1255203
1255204
1255205
1255207
1255208
1255209
1255210
1255211
1255213
1255214
1255215
1255217
1255219
1255220
1255221
1255223
1255224
1255225
1255226
1255228
1255229
1255230
1255232
1255233
1255234
1255235
1255237
1255238
1255239
1255240
1255242
1255243
1255244
1255245
1255247
1255248
1255249
1255251
1255252
1255253
1255254
1255256
1255257
1255258
1255259
1255260
1255262
1255263
1255264
1255265
1255267
1255268
1255269
1255271
1255272
1255273
1255274
1255275
1255276
1255277
1255278
1255279
1255280
1255281
1255282
1255283
1255284
1255285
1255286
1255287
1255288
1255289
1255290
1255291
1255292
1255293
1255294
1255295
1255296
1255297
1255298
1255299
1255301
1255302
1255303
1255304
1255305
1255306
1255307
1255308
1255309
1255310
1255311
1255312
1255313
1255314
1255315
1378891
1378892
1378893
1378894
1378896
1378897
1378898
1378899
1378901
1378902
1378903
1378904
1378906
1378907
1378908
1378910
1378911
1378912
1378914
1378916
1378917
1378918
1378920
1378921
1378922
1378924
1378925
1378926
1378928
1378929
1378930
1378932
1378934
1378935
1378936
1378937
1378939
1378940
1378941
1378943
1378944
1378945
1378946
1378948
1378949
1378950
1378951
1378952
1378954
1378955
1378956
1378957
1378959
1378960
1378961
1378962
1378964
1378965
1378966
1378967
1378968
1378969
1378970
1378971
1378972
1378973
1378974
1378975
1378976
1378977
1378978
1378979
1378980
1378981
1378982
1378984
1378985
1378986
1378988
1378989
1378990
1378991
1378992
1378993
1378994
1378995
1378996
1378997
1378998
1378999
1379000
1379001
1379002
1379003
1379004
1379005
1379006
1379007
1379008
1379009
1379010
1379011
1379012
1379013
1379014
1379015
1379016
1379017
1379018
1379019
1379020
1379021
544222
544223
544224
544226
544227
544228
544230
544231
544232
544234
544235
544236
544237
544239
544240
544241
544242
544244
544245
544246
544248
544249
544250
544251
544252
544254
544255
544256
544257
544259
544260
544261
544262
544264
544265
544266
544267
544269
544270
544271
544272
544274
544275
544276
544278
544279
544280
544281
544282
544284
544285
544286
544287
544288
544289
544291
544292
544293
544294
544296
544297
544298
544299
544301
544302
544303
544304
544306
544307
544309
544310
544311
544312
544313
544314
544315
544316
544318
544319
544320
544321
544322
544323
544324
544325
544326
544327
544328
544329
544330
544331
544332
544333
544334
544336
544337
544338
544339
544340
544341
544342
544343
544344
544345
544346
544347
544348
544349
544350
544351
544352
544353
544354
544355
544356
544357
544358
544359
544360
544361
544363
544364
544365
544366
544367
544368
544369
544370
544372
544373
544374
544375
544376
544377
544378
379453
379454
379455
379457
379458
379460
379461
379462
379463
379465
379466
379467
379468
379469
379470
379471
379472
379473
379474
379475
379476
379477
379478
379479
379480
379483
379488
379491
379494
379496
379504
379509
379655
379658
379660
379662
379663
379667
379669
379670
379673
379675
379677
379679
379680
379683
379686
379692
379694
379696
379699
379703
379722
379723
379724
379725
379726
379727
379729
379730
379731
379733
379735
379738
379742
379756
379757
379759
379763
379765
379768
379770
379774
379777
379782
379784
379787
379789
379791
379792
379793
379795
379797
379799
379802
379803
379804
379805
379806
379807
379808
379809
379810
379811
379812
379813
379816
379817
379819
379820
379821
379836
379973
827159
827161
827162
827163
827165
827166
827167
827168
827169
827170
827172
827173
827174
827176
827177
827178
827179
827180
827182
827183
827184
827185
827186
827188
827189
827190
827192
827193
827194
827195
827196
827197
827199
827200
827201
827203
827204
827205
827206
827207
827209
827210
827211
827212
827213
827214
827215
827216
827217
827218
827219
827220
827222
827223
827224
827225
827226
827227
827228
827229
827230
827231
827232
827233
827234
827235
827236
827237
827238
827239
827241
827242
827243
827244
827142
827143
827144
827146
827147
827148
827150
827151
827152
827154
827155
827156
827157
827158
379439
379440
379441
379442
379443
379444
379445
379446
379447
379448
379449
379450
379451
996351
996352
996354
996355
996356
996357
996358
996360
996361
996362
996363
996364
996366
996367
996368
996369
996370
996372
996373
996375
996377
996378
996380
996381
996383
996384
996386
996387
996389
996390
996391
996392
996393
996395
996396
996397
996398
996399
996401
996402
996403
996404
996405
996407
996408
996409
996410
996412
996414
996415
996416
996418
996419
996420
996422
996424
996425
996426
996428
996429
996430
996432
996433
996435
996436
996437
996439
996441
996442
996443
996444
996445
996446
996447
996448
996449
996450
996451
996452
996453
996454
996455
996456
996457
996458
996459
996460
996461
996462
996463
996464
996465
996466
996467
996468
996469
996470
996471
996472
996473
996474
996475
996477
996478
996479
996480
996481
996482
996483
996484
996485
996486
996487
996488
996489
996490
996491
2232829
2232831
2232833
2232832
2232835
2232837
2232836
2232839
2232842
2232841
2232840
2232846
2232845
2232844
2232849
2232847
2232851
2232850
2232852
2232859
2232855
2232854
2232857
2232856
2232864
2232862
2232861
2232860
2232869
2232867
2232866
2232865
2232819
2232827
2232828
2232825
2232826
2232823
2232821
2232822
2232820
2232929
2232928
2232930
2232907
2232906
2232909
2232908
2232910
2232911
2232912
2232913
2232914
2232915
2232916
2232919
2232918
2232917
2232922
2232923
2232920
2232926
2232927
2232924
2232925
2232903
2232902
2232905
2232904
2232901
2232900
2232892
2232893
2232890
2232891
2232896
2232897
2232894
2232895
2232898
2232899
2232883
2232884
2232885
2232886
2232880
2232881
2232882
2232887
2232888
2232889
2232874
2232875
2232872
2232870
2232871
2232878
2232879
2232876
2467698
2467699
2467697
2467737
2467738
2467739
2467733
2467734
2467735
2467736
2467730
2467731
2467732
2467728
2467729
2467726
2467727
2467724
2467725
2467722
2467723
2467720
2467721
2467715
2467716
2467717
2467718
2467719
2467710
2467711
2467712
2467713
2467714
2467706
2467707
2467704
2467705
2467708
2467709
2467702
2467703
2467700
2467701
2467778
2467777
2467779
2467774
2467773
2467776
2467775
2467770
2467771
2467772
2467769
2467768
2467767
2467766
2467765
2467764
2467763
2467762
2467760
2467761
2467752
2467751
2467754
2467753
2467755
2467758
2467757
2467759
2467750
2467743
2467742
2467741
2467740
2467747
2467746
2467745
2467744
2467749
2467748
2467781
2467780
2467783
2467782
2467788
2467789
2467784
2467785
2467786
2467787
2467794
2467793
2467792
2467791
2467790
