1639715
1639716
1639717
1639719
1639720
1639721
1639722
1639724
1639725
1639726
1639727
1639729
1639730
1639731
1639732
1639734
1639735
1639736
1639737
1639739
1639740
1639741
1639742
1639744
1639745
1639746
1639747
1639749
1639750
1639751
1639752
1639753
1639754
1639755
1639756
1639757
1639758
1639759
1639760
1639761
1639762
1639763
1639764
1639765
1639766
1639767
1639768
1639769
1639770
1639771
1639772
1639773
1639774
1639775
1639776
1639777
1639778
1639779
1639780
1639781
1639782
1639783
1639784
1639785
1639786
1639787
1639788
1639789
1639790
1639791
1639792
1639793
1639794
1639795
1639797
1639798
1639799
1639800
1639801
1639802
1639803
1639805
1639806
1639808
1864710
1864711
1864713
1864715
1864716
1864717
1864719
1864721
1864722
1864723
1864724
1864726
1864727
1864728
1864729
1864731
1864732
1864733
1864735
1864736
1864737
1864739
1864740
1864741
1864742
1864744
1864745
1864746
1864747
1864749
1864751
1864752
1864753
1864754
1864755
1864756
1864757
1864758
1864759
1864760
1864761
1864762
1864763
1864764
1864765
1864766
1864767
1864768
1864769
1864770
1864771
1864772
1864773
1864774
1864775
1864776
1864777
1864778
1864779
1864780
1864781
1864782
1864784
1864785
1864786
1864787
1864788
1864790
1864791
1864792
1864793
1864795
1864796
1864797
1864798
1864799
1864800
1864801
2043934
2043936
2043937
2043938
2043940
2043941
2043942
2043943
2043945
2043946
2043947
2043948
2043950
2043951
2043952
2043953
2043955
2043956
2043957
2043958
2043960
2043961
2043962
2043964
2043965
2043966
2043968
2043969
2043970
2043971
2043972
2043973
2043974
2043975
2043977
2043978
2043979
2043980
2043981
2043982
2043983
2043984
2043985
2043986
2043987
2043988
2043989
2043990
2043991
2043992
2043993
2043994
2043995
2043996
2043997
2043998
2043999
2044001
2044002
2044003
2044005
2044006
2044007
2044008
2044009
2044010
2044012
2044013
2044014
2044015
2044016
2044017
2044018
2044019
2044020
1297233
1297234
1297235
1297236
1297238
1297239
1297240
1297241
1297243
1297244
1297245
1297246
1297248
1297249
1297250
1297251
1297253
1297254
1297255
1297256
1297257
1297258
1297259
1297260
1297261
1297262
1297263
1297264
1297265
1297266
1297268
1297269
1297271
1297272
1297273
1297274
1297275
1297276
1454009
1454011
1454012
1454013
1454014
1454015
1454017
1454018
1454019
1454020
1454022
1454023
1454024
1454026
1454027
1454028
1454030
1454031
1454032
1454033
1454034
1454036
1454037
1454038
1454039
1454040
1454041
1454042
1454043
1454044
1454045
1454046
1454047
1454048
1454049
1454050
1454052
1454053
1454054
1454056
1454057
1454058
1454059
1454060
1454061
1454062
1454063
1454064
1454066
1454067
1454068
2365954
2365957
2365956
2365959
2365958
2365968
2365967
2365966
2365969
2365964
2365963
2365962
2365961
2365987
2365988
2365989
2365981
2365982
2365983
2365984
2365986
2365978
2365979
2365976
2365977
2365971
2365974
2365972
2365973
2365998
2365999
2365996
2365997
2365994
2365992
2365991
2366035
2366034
2366037
2366036
2366039
2366030
2366031
2366032
2366033
2366026
2366025
2366024
2366023
2366028
2366027
2366021
2366022
2366020
2366046
2366045
2366043
2366044
2366041
2366042
2366040
2366000
2366001
2366002
2366003
2366004
2366005
2366006
2366007
2366008
2366009
2366011
2366010
2366014
2366015
2366013
2366019
2366016
2366017
2508072
2508073
2508074
2508069
2508063
2508064
2508062
2508065
2508071
2508070
2508007
2508008
2508004
2508005
2508006
2508001
2508002
2508219
2508218
2508217
2508220
2508221
2507180
2507179
2507178
2507173
2507172
2507171
2507170
2507177
2507176
2507175
2507174
2507190
2507191
2507189
2507182
2507181
2507184
2507183
2507186
2507185
2507188
2507187
2507199
2507198
2507197
2507196
2507195
2507194
2507193
2507192
2507158
2507159
2507165
2507166
2507163
2507164
2507161
2507162
2507160
2507169
2507167
2507168
2507209
2507208
2507200
2507201
2507202
2507203
2507204
2507205
2507206
2507207
2507230
2507232
2507231
2507233
2507210
2507212
2507211
2507214
2507213
2507216
2507215
2507218
2507217
2507219
2507221
2507220
2507225
2507224
2507223
2507222
2507229
2507228
2507227
2507226
