1571942
1571943
1571945
1571946
1571947
1571949
1571950
1571951
1571953
1571954
1571955
1571957
1571958
1571959
1571961
1571962
1571963
1571965
1571966
1571967
1571969
1571970
1571971
1571973
1571974
1571975
1571977
1571978
1571979
1571981
1571982
1571983
1571985
1571986
1571987
1571989
1571990
1571991
1571993
1571994
1571995
160722
160724
160726
160728
160730
160735
160737
160738
160741
160753
160754
160756
160758
160760
160761
160762
160763
160764
160765
160766
160767
160768
1571997
1571998
1571999
1572001
1572002
1572003
1572005
1572006
1572007
1572009
1572010
1572011
1572013
1572014
1572015
1572017
1572018
1572019
1572021
1572022
1572023
1572025
1572026
1572027
1572029
1572030
1572031
1572033
1572034
1572035
1572037
1572038
1572039
1572041
1572042
1572043
1572045
1572046
1572047
1572049
1572050
1572051
1572052
1572053
1572054
1572055
1572056
1572057
1572058
1572059
1572060
1572061
1572062
1572063
1572064
1572065
1572066
1572067
1572068
1572069
1572070
1572071
1572072
1572073
1572074
1572075
1572076
1572077
1572078
1572079
1572080
1572081
1572082
1572083
1572084
1572085
1572086
1572087
1572088
1572089
1572090
1572091
1572092
1572093
1572094
1572095
1572096
1572097
1572098
1572099
1572100
1572101
1572102
1572103
1572104
1572105
1572106
1572107
1572108
1572109
1572110
1572111
1572112
1572113
1572114
1572115
1572116
1572117
1572118
1572119
1572120
1572121
1572122
1572123
1572124
1572125
1572126
1572127
1572128
1572129
1572130
1572131
1572132
1572133
1572134
1572135
1572136
1572137
1572138
1572139
1572140
1572141
1572142
1572143
1572144
1572145
1572146
1572147
1572148
1572149
1572150
1572151
1572153
1572154
1572155
1572156
1572157
1572158
1572159
1572160
1572161
1572162
1572163
1572164
1572166
1572167
1572168
1572169
1572170
1572171
1572172
1572173
1572174
1572175
1572176
1572177
160689
160690
160691
160692
160693
160695
160696
160697
160699
160700
160703
160704
160706
160708
160710
160713
160715
160717
160718
160720
1835450
1835451
1835453
1835454
1835455
1835457
1835458
1835459
1835461
1835462
1835463
1835465
1835466
1835467
1835468
1835470
1835471
1835472
1835473
1835475
1835476
1835477
1835478
1835480
1835481
1835482
1835484
1835485
1835486
1835487
1835489
1835490
1835491
1835493
1835494
1835495
1835497
1835498
1835499
1835501
1835502
1835503
1835505
1835506
1835507
1835508
1835510
1835511
1835512
1835513
1835515
1835516
1835517
1835518
1835520
1835521
1835522
1835524
1835525
1835526
1835528
1835529
1835530
1835532
1835533
1835534
1835536
1835537
1835538
1835540
1835541
1835542
1835544
1835545
1835546
1835548
1835549
1835550
1835551
1835553
1835554
1835555
1835556
1835558
1835559
1835560
1835562
1835563
1835564
1835566
1835567
1835568
1835569
1835570
1835571
1835572
1835573
1835574
1835575
1835577
1835578
1835579
1835580
1835581
1835582
1835583
1835584
1835585
1835586
1835587
1835588
1835589
1835590
1835591
1835592
1835593
1835594
1835595
1835596
1835597
1835598
1835599
1835600
1835601
1835602
1835603
1835604
1835605
1835606
1835607
1835608
1835609
1835610
1835611
1835612
1835613
1835614
1835615
1835616
1835617
1835618
1835619
1835620
1835621
1835622
1835623
1835624
1835625
1835626
1835627
1835628
1835629
1835630
1835631
1835632
1835633
1835634
1835635
1835636
1835637
1835638
1835639
1835640
1835641
1835642
1835643
1835644
1835645
1835646
1835647
1835648
1835649
1835650
1835651
1835652
1835653
1835654
1835655
1835656
1835657
1835658
1835659
1835660
1835661
1835662
1835663
1835664
1835665
1835666
1835667
1835668
1835669
1835670
1835671
1835672
1835673
1835675
1835676
1835677
1835678
1835679
1835680
1835681
1835682
1835683
1835684
1835685
1835687
1835688
1835689
1835690
1835691
1835692
1835693
1835694
1835695
1835696
1835697
188495
188496
188497
188498
188499
188500
188508
188509
188511
188517
188519
188521
188544
188546
188548
188550
188552
188554
188556
188557
188558
188559
188560
188561
188562
188563
188564
188583
188585
188586
188589
188591
188593
188594
188597
188599
188601
2009918
2009920
2009922
2009923
2009924
2009925
2009927
2009928
2009929
2009930
2009932
2009933
2009934
2009935
2009937
2009938
2009939
2009941
2009942
2009943
2009945
2009946
2009947
2009949
2009950
2009951
2009952
2009954
2009955
2009956
2009957
2009959
2009960
2009961
2009962
2009964
2009965
2009966
2009967
2009969
2009970
2009971
2009972
2009974
2009975
2009976
2009977
2009979
2009980
2009981
2009983
2009984
2009985
2009987
2009988
2009989
2009991
2009992
2009993
2009994
2009996
2009997
2009998
2009999
2010001
2010002
2010003
2010004
2010006
2010007
2010008
2010010
2010011
2010012
2010014
2010015
2010016
2010018
2010019
2010020
2010021
2010023
2010024
2010025
2010026
2010028
2010029
2010030
2010031
2010033
2010034
2010035
2010037
2010038
2010039
2010041
2010042
2010043
2010045
2010046
2010047
2010048
2010050
2010051
2010052
2010053
2010055
2010056
2010057
2010058
2010060
2010061
2010062
2010063
2010064
2010065
2010066
2010067
2010068
2010069
2010070
2010071
2010072
2010073
2010074
2010075
2010076
2010077
2010078
2010079
2010080
2010081
2010082
2010083
2010084
2010085
2010086
2010087
2010088
2010089
2010090
2010091
2010092
2010093
2010094
2010095
2010096
2010097
2010098
2010099
2010100
2010101
2010102
2010103
2010104
2010105
2010106
2010107
2010108
2010109
2010110
2010111
2010112
2010113
2010114
2010115
2010116
2010117
2010118
2010119
2010120
2010121
2010122
2010123
2010124
2010125
2010126
2010127
2010128
2010129
2010130
2010131
2010132
2010133
2010134
2010135
2010136
2010137
2010138
2010139
2010140
2010141
2010142
2010143
2010144
2010145
2010146
2010147
2010148
2010149
2010151
2010152
2010153
2010154
2010155
2010156
2010157
2010158
2010159
2010160
2010161
2010162
2010163
2010164
2010165
2010167
2010168
2010169
2010170
2010171
2010172
2010173
2010175
2010176
2010177
2010178
2010179
2010180
2010181
2010182
2010183
2010184
2010185
2010187
2010188
2010189
2010190
2010191
215326
215327
215328
215329
215330
215331
215332
215333
215334
215335
215336
215343
215345
215347
215349
215351
215352
215353
215355
215357
215358
215359
215360
215361
215362
215363
215364
215365
215366
215367
215369
215371
215372
215373
215375
215376
215377
215379
215380
215381
215383
243200
243202
243203
243206
243208
243209
243212
243213
243214
243216
243218
243236
243237
243238
243239
243249
243250
243253
243256
243258
243261
243265
243266
243267
243268
243269
243270
243271
243272
243273
243274
243275
243276
243277
243278
243279
243280
243281
243282
243283
243284
243286
243287
243288
243289
243292
243293
243294
243295
243296
243297
243298
243299
243300
243301
243302
243303
243305
243321
243322
243323
243325
248146
250974
253171
253175
253178
253180
253183
253185
253186
253188
253189
253190
253192
253193
253194
253196
253197
253198
253199
253200
253202
253203
253205
253206
253208
253211
253212
253215
253216
253217
253218
253220
253221
253222
253224
253225
253226
253504
253505
253506
253507
253508
253509
253510
253511
253512
253513
253514
253515
253516
253518
253519
253520
253521
253522
253523
253524
253525
253526
253527
253528
253529
253530
253531
253532
253533
253534
253535
258526
258528
258529
258530
258531
258532
258534
258535
258537
258539
258540
258542
258544
258546
258547
258551
258552
258554
258557
258560
258561
258564
258568
258569
258572
258576
258580
258582
258585
258587
258589
258591
258594
258597
258601
258603
1009024
1009025
1009026
1009027
1009029
1009030
1009031
1009032
1009034
1009035
1009036
1009038
1009039
1009040
1009042
1009043
1009044
1009046
1009047
1009048
1009050
1009051
1009052
1009053
1009055
1009056
1009057
1009058
1009060
1009061
1009062
1009064
1009065
1009066
1009068
1009069
1009070
1009072
1009073
1009074
1009075
1009076
1009077
1009078
1009079
1009080
1009081
1009082
1009083
1009084
1009085
1009086
1009087
1009088
1009089
1009090
1009091
1009092
1009093
1009094
1009095
1009096
1009097
1009098
1009099
1009100
1009101
1009102
1009103
1009104
1009105
1009106
1009107
1009108
1009109
1009110
1009111
1009112
1009113
1009114
1009115
1009116
1009117
1009118
1009119
1009120
1009121
1009122
1009123
1009124
1009125
1009126
1009127
1009128
1009129
1009130
1009131
1009132
1009133
1009134
1008993
1008994
1008996
1008997
1008998
1009000
1009001
1009002
1009004
1009005
1009006
1009008
1009009
1009010
1009012
1009013
1009014
1009016
1009017
1009018
1009020
1009021
1009022
1009135
1009136
1009137
1009138
1009139
1009140
1009141
1009142
1009143
1009145
1009146
1009147
1009148
1009149
1009150
1009151
1009152
1009153
1076035
1076036
1076037
1076039
1076040
1076041
1076042
1076044
1076045
1076046
1076047
1076049
1076050
1076051
1076052
1076054
1076055
1076056
1076058
1076059
1076060
1076062
1076063
1076064
1076066
1076067
1076068
1076070
1076071
1076072
1076074
1076075
1076076
1076077
1076079
1076080
1076081
1076082
1076084
1076085
1076086
1076087
1076089
1076090
1076091
1076093
1076094
1076095
1076097
1076098
1076099
1076101
1076102
1076103
1076105
1076106
1076107
1076109
1076110
1076111
1076112
1076114
1076115
1076116
1076117
1076119
1076120
1076121
1076123
1076124
1076125
1076127
1076128
1076129
1076131
1076132
1076133
1076134
1076135
1076136
1076137
1076138
1076139
1076140
1076141
1076142
1076143
1076144
1076145
1076146
1076147
1076148
1076149
1076150
1076151
1076152
1076153
1076154
1076155
1076156
1076157
1076158
1076159
1076160
1076161
1076162
1076163
1076164
1076165
1076166
1076167
1076168
1076169
1076170
1076171
1076172
1076173
1076174
1076175
1076176
1076177
1076178
1076179
1076180
1076181
1076182
1076183
1076185
1076186
1076187
1076188
1076189
1076190
1076191
1076192
1076193
1076194
1076195
1148171
1148172
1148173
1148175
1148176
1148177
1148179
1148180
1148181
1148183
1148184
1148185
1148187
1148188
1148189
1148191
1148192
1148193
1148195
1148196
1148197
1148199
1148200
1148201
1148203
1148204
1148205
1148207
1148208
1148210
1148211
1148212
1148214
1148215
1148216
1148218
1148219
1148220
1148222
1148223
1148224
1148225
1148227
1148228
1148229
1148230
1148232
1148233
1148234
1148235
1148237
1148238
1148239
1148241
1148242
1148243
1148245
1148246
1148247
1148249
1148250
1148251
1148253
1148254
1148255
1148257
1148258
1148259
1148261
1148262
1148263
1148265
1148266
1148267
1148269
1148270
1148271
1148273
1148274
1148275
1148276
1148277
1148278
1148279
1148280
1148281
1148282
1148283
1148284
1148285
1148286
1148287
1148288
1148289
1148290
1148291
1148292
1148293
1148294
1148295
1148296
1148297
1148298
1148299
1148300
1148301
1148302
1148303
1148304
1148305
1148306
1148307
1148308
1148309
1148310
1148311
1148312
1148313
1148314
1148315
1148316
1148317
1148318
1148319
1148320
1148321
1148322
1148323
1148324
1148325
1148326
1148327
1148328
1148329
1148330
1148331
1148332
1148333
1148334
1148335
1148336
1148338
1148339
1148340
1148341
1148342
1148343
1148344
1148345
1148346
1148347
1148348
122861
122862
122863
122864
122865
122866
122867
122868
122869
122870
122871
122872
122873
122874
122875
122876
122877
122878
122879
122880
122881
122883
122884
122885
122886
122887
122888
122889
122890
122891
122892
122893
122894
122896
122897
1230135
1277742
1277743
1277744
1277746
1277747
1277748
1277750
1277751
1277752
1277754
1277755
1277756
1277758
1277759
1277760
1277762
1277763
1277764
1277766
1277767
1277768
1277770
1277771
1277772
1277774
1277775
1277776
1277778
1277779
1277780
1277782
1277783
1277784
1277786
1277787
1277788
1277790
1277791
1277792
1277794
1277795
1277796
1277797
1277799
1277800
1277801
1277802
1277804
1277805
1277806
1277808
1277809
1277810
1277811
1277813
1277814
1277815
1277817
1277818
1277820
1277821
1277823
1277824
1277825
1277827
1277828
1277829
1277831
1277832
1277833
1277835
1277836
1277837
1277839
1277840
1277841
1277843
1277844
1277845
1277847
1277848
1277849
1277851
1277852
1277853
1277855
1277856
1277857
1277859
1277860
1277861
1277862
1277863
1277864
1277865
1277866
1277867
1277868
1277869
1277870
1277871
1277872
1277873
1277874
1277875
1277876
1277877
1277878
1277879
1277880
1277881
1277882
1277883
1277884
1277885
1277886
1277887
1277888
1277889
1277890
1277891
1277892
1277893
1277894
1277895
1277896
1277897
1277898
1277899
1277900
1277901
1277902
1277903
1277904
1277905
1277906
1277907
1277908
1277909
1277910
1277911
1277912
1277913
1277914
1277915
1277916
1277917
1277918
1277919
1277920
1277921
1277922
1277923
1277924
1277925
1277926
1277927
1277928
1277929
1277930
1277931
1277932
1277933
1277934
1277935
1277936
1277937
1277938
1277939
1277940
1277941
1277942
1277943
1277944
1277945
1277946
1277947
1277948
1277949
1277950
1277951
1277952
1277953
1277954
1277955
1277956
1277957
1277958
1277959
1277960
1277961
1277962
1277963
1277965
1277966
1277967
1277968
1277969
1277970
1277971
1277972
1277973
1277974
1277975
1277976
1277977
1277978
1277979
1277980
1277981
1277982
1277984
1277985
1277986
1277987
1277988
1277989
1277990
1277991
1277992
1277993
133167
133169
133171
133172
133175
133177
133179
133180
133181
133183
133185
133186
133188
133190
133191
133194
133195
133197
133199
133202
133203
133205
133207
133208
133209
133210
133211
133212
133213
133214
133215
133216
133217
1390335
1390336
1390338
1390339
1390340
1390342
1390343
1390344
1390346
1390347
1390348
1390350
1390351
1390352
1390354
1390355
1390356
1390358
1390359
1390360
1390362
1390363
1390364
1390366
1390367
1390368
1390370
1390371
1390372
1390374
1390375
1390376
1390377
1390379
1390380
1390381
1390382
1390384
1390385
1390386
1390387
1390389
1390390
1390392
1390393
1390394
1390396
1390397
1390399
1390400
1390401
1390403
1390404
1390405
1390407
1390408
1390409
1390411
1390412
1390413
1390415
1390416
1390417
1390419
1390420
1390421
1390423
1390424
1390425
1390427
1390428
1390429
1390431
1390432
1390433
1390435
1390436
1390437
1390438
1390440
1390441
1390442
1390443
1390445
1390446
1390447
1390448
1390450
1390451
1390452
1390453
1390454
1390455
1390456
1390457
1390458
1390459
1390460
1390461
1390462
1390463
1390464
1390465
1390466
1390467
1390468
1390469
1390471
1390472
1390473
1390474
1390475
1390476
1390477
1390478
1390479
1390480
1390481
1390482
1390483
1390484
1390485
1390486
1390487
1390488
1390489
1390490
1390491
1390492
1390494
1390495
1390496
1390497
1390498
1390499
1390500
1390501
1390502
1390503
1390504
1390505
1390506
1390507
1390508
1390509
1390510
1390511
1390512
1390514
1390515
1390516
1390517
1390518
1390519
1390520
1390521
1390522
1390523
1390524
1390525
1390526
1390527
1390528
1390529
1390530
1390531
1390532
1390534
1390535
1390536
1390537
1390538
1390539
1390540
1390541
1390542
1390543
1390544
1390545
1390546
1390547
1390548
1390549
1390550
1390551
1390553
1390554
1390555
1390556
1390557
1390558
1390559
1390560
1390561
1390562
1390563
1390565
1390566
1390567
1390568
1390569
1390570
1390571
1390572
1390573
1390574
1390575
290947
290948
290950
290953
290954
290956
290957
290958
290959
290961
290965
290967
290970
290972
290974
290976
290978
290980
290982
290984
290986
290987
290989
290991
290992
290995
290996
290998
291000
291001
291003
291005
291007
291008
291009
291011
291013
291014
291017
291019
291021
291024
291025
291027
291028
291030
291031
291033
291037
291038
291041
291043
291045
291047
291049
291052
291054
291055
291057
291059
291060
291062
291064
291066
291068
291070
291071
291072
291073
291074
291075
291076
291077
291078
291079
345559
345562
345563
345564
345565
345566
345569
345572
345573
345574
345576
345577
345578
345579
345582
345584
345587
345591
345593
345594
345597
345598
345602
345603
345608
345610
345612
345615
345618
345621
345622
345623
345624
345625
345628
345630
345632
345636
345638
345641
345643
345646
345648
345650
345652
345656
345658
345660
345661
345663
345664
345665
345666
345667
345668
345670
345671
345672
345673
345674
345675
344658
345512
345538
345539
345541
345543
345545
345546
345548
345550
345551
345552
345553
345554
345556
342777
312666
312668
312669
312670
312671
312673
312675
312676
312677
312678
312679
312680
312681
312682
312684
312685
312687
312688
312690
312692
312693
312696
312698
312700
312701
312703
312711
312714
312718
312721
312725
312727
312730
312732
312733
312737
312739
312741
312743
312745
312748
312749
312751
312752
312755
312756
312758
312759
312763
312764
312765
312767
312768
312769
312770
312771
312772
312773
312774
313469
313472
312618
312634
312637
312639
312645
312647
312649
312652
312654
312656
312659
312661
312662
312663
312664
312665
277434
277435
277436
277437
511707
511708
511709
511710
511711
511712
511713
511714
511715
511716
511717
511718
511719
511720
511755
511756
511757
511758
511759
511760
511761
511762
511763
511764
511765
511766
511767
511768
511769
511770
511771
511772
511773
511774
511775
511795
511796
511797
511799
511800
511802
511803
511804
511806
511807
511809
511810
511811
511813
511814
511816
511817
511818
511820
511821
511823
511824
511825
511827
511828
511830
511831
511832
564377
564378
564380
564381
564382
564383
564385
564386
564387
564389
564390
564391
564393
564394
564395
564397
564398
564399
564401
564402
564403
564404
564406
564407
564408
564409
564411
564412
564413
564415
564416
564417
564419
564420
564421
564423
564424
564425
564427
564428
564429
564430
564432
564433
564435
564436
564438
564439
564440
564441
564442
564443
564444
564445
564446
564447
564448
564449
564450
564451
564452
564453
564454
564455
564456
564457
564458
564459
564460
564461
564462
564463
564464
564465
564466
564467
564468
564469
564470
564471
564472
564473
564474
564475
564476
564477
564478
564479
564480
564481
564482
564483
564484
564485
564487
564488
564489
564490
564491
564492
564493
564494
564495
564496
564497
564498
564499
383953
383954
383955
383956
383957
383958
383959
383960
383961
383963
383964
383965
383966
383968
383970
383972
383974
383975
383976
383981
383982
383985
383986
383987
383989
383990
383991
383992
383993
383995
383999
384003
384005
384007
384009
384011
384012
384013
384015
384017
384019
384021
384022
384024
384025
384028
384029
384030
384031
384032
384033
384034
384035
384037
384038
384039
384041
384042
384045
384061
384062
384063
384064
384065
384066
384067
384068
384069
384070
384071
384072
384073
384074
384075
384080
384083
384086
384090
384091
384092
384093
384094
384095
384096
384097
384098
384099
636814
636815
636816
636817
636818
636819
636820
636821
636822
636823
636824
636825
636826
636827
636828
636829
636830
636831
636832
636833
636670
636671
636672
636673
636674
636675
636676
636677
636678
636679
636680
636681
636682
636683
636684
636685
636686
636687
636688
636689
636690
636691
636692
636693
636714
636715
636716
636717
636718
636719
636720
636721
636722
636723
636724
636725
636726
636727
636728
636729
636730
636731
636732
636733
636734
636806
636807
636808
636809
636810
636811
636812
636813
62459
62461
62465
62467
62469
62470
62473
62475
62477
62479
62481
62482
62483
62485
62487
62491
62493
62494
62495
62496
62497
62498
62499
62500
62501
62502
62503
62505
317885
317560
511286
511288
511289
511290
511292
511293
511295
511296
511298
511299
511300
511302
511303
511304
511305
511307
511308
511309
511311
62438
62439
62440
62441
62442
62443
62444
62445
62446
62447
62448
62449
62450
62451
62452
62455
62457
75336
75337
75338
75339
75340
75341
75342
75343
75344
75345
75346
75347
75348
75349
75350
75351
75352
75353
75354
75355
75356
75357
75358
75359
75360
75361
75479
860436
860437
860439
860440
860441
860443
860444
860445
860447
860448
860449
860451
860452
860453
860455
860456
860457
860459
860460
860461
860463
860464
860466
860467
860469
860470
860471
860473
860474
860475
860477
860478
860479
860481
860482
860483
860485
860486
860487
860489
860490
860491
860493
860494
860495
860497
860498
860499
860501
860502
860503
860504
860505
860506
860507
860508
860509
860510
860511
860512
860513
860514
860515
860516
860517
860518
860519
860520
860521
860522
860523
860524
860525
860526
860527
860528
860529
860530
860531
860532
860533
860534
860535
860536
860537
860538
860539
860540
860541
860542
860543
860544
860545
860546
860547
860548
860549
860550
860552
860553
860554
860555
860556
860557
860558
860559
803132
803133
803134
803135
803136
803137
803138
803139
803140
803141
803142
803143
803144
803145
803146
42006
42007
42008
42009
42010
42011
42012
42013
42014
42015
42016
42017
42018
42019
42020
42021
42022
42023
42024
42025
42026
42027
42028
42029
42030
42031
42032
42033
42034
42035
42036
42037
42038
42039
98006
98007
98008
98009
98010
98011
98013
98015
98219
98223
98226
98228
98229
98231
98233
98234
98236
98237
98240
98242
98244
98245
98247
98249
98252
98254
98255
98901
2348520
2348521
2348529
2348528
2348526
2348525
2348524
2348523
2348522
2348530
2348531
2348532
2348538
2348537
2348539
2348534
2348533
2348536
2348535
2348542
2348540
2348541
2348502
2348503
2348500
2348501
2348506
2348507
2348504
2348505
2348508
2348509
2348510
2348511
2348512
2348513
2348514
2348515
2348516
2348517
2348518
2348519
2348415
2348412
2348413
2348418
2348419
2348416
2348417
2348411
2348410
2348401
2348402
2348403
2348405
2348406
2348407
2348408
2348400
2348438
2348439
2348436
2348437
2348434
2348435
2348433
2348432
2348431
2348430
2348427
2348428
2348429
2348423
2348424
2348426
2348420
2348422
2348421
2348491
2348490
2348493
2348492
2348495
2348494
2348497
2348496
2348499
2348498
2348480
2348484
2348483
2348482
2348481
2348488
2348487
2348486
2348485
2348489
2348451
2348452
2348453
2348454
2348455
2348457
2348456
2348459
2348458
2348440
2348443
2348441
2348442
2348448
2348447
2348446
2348445
2348449
2348474
2348475
2348476
2348477
2348470
2348471
2348472
2348473
2348479
2348478
2348465
2348466
2348463
2348464
2348461
2348462
2348460
2348469
2348468
2348467
2348319
2348317
2348318
2348315
2348313
2348314
2348312
2348310
2348306
2348308
2348309
2348302
2348304
2348305
2348301
2348300
2348398
2348397
2348394
2348393
2348396
2348390
2348392
2348389
2348388
2348387
2348385
2348384
2348383
2348381
2348380
2348372
2348371
2348373
2348376
2348375
2348377
2348379
2348363
2348361
2348360
2348367
2348365
2348364
2348368
2348369
2348353
2348354
2348355
2348356
2348350
2348351
2348358
2348359
2348345
2348342
2348343
2348341
2348349
2348347
2348346
2348330
2348332
2348333
2348334
2348335
2348338
2348337
2348339
2348322
2348323
2348320
2348327
2348325
2348324
2348329
2348328
2348288
2348289
2348285
2348286
2348292
2348293
2348290
2348298
2348296
2348297
2348294
2484029
2484047
2484046
2484049
2484048
2484043
2484042
2484045
2484044
2484040
2484041
2484039
2484038
2484037
2484036
2484035
2484034
2484033
2484032
2484031
2484030
2484065
2484064
2484067
2484066
2484069
2484068
2484060
2484061
2484062
2484063
2484056
2484055
2484054
2484053
2484059
2484058
2484057
2484051
2484052
2484050
2484086
2484087
2484088
2484089
2484083
2484082
2484085
2484084
2484081
2484080
2484079
2484077
2484078
2484075
2484076
2484074
2484073
2484072
2484071
2484070
2484099
2484097
2484098
2484092
2484091
2484090
2484096
2484095
2484094
2484093
2484149
2484143
2484144
2484141
2484142
2484147
2484148
2484145
2484146
2484140
2484138
2484139
2484130
2484131
2484132
2484133
2484134
2484135
2484136
2484137
2484129
2484127
2484128
2484125
2484126
2484123
2484124
2484121
2484122
2484120
2484116
2484117
2484118
2484119
2484112
2484113
2484114
2484115
2484110
2484111
2484100
2484104
2484103
2484102
2484101
2484108
2484107
2484106
2484105
2484109
2484195
2484194
2484193
2484192
2484191
2484190
2484198
2484199
2484196
2484197
2484180
2484181
2484182
2484183
2484184
2484186
2484185
2484188
2484187
2484189
2484172
2484173
2484170
2484171
2484177
2484176
2484175
2484174
2484179
2484178
2484160
2484161
2484162
2484168
2484167
2484169
2484164
2484163
2484166
2484165
2484150
2484151
2484159
2484158
2484157
2484156
2484155
2484154
2484153
2484152
2491801
2491802
2484233
2484234
2484235
2484236
2484230
2484231
2484232
2484237
2484209
2484208
2484207
2484206
2484205
2484204
2484203
2484202
2484201
2484200
2484229
2484228
2484227
2484221
2484220
2484224
2484223
2484222
2484216
2484215
2484218
2484217
2484219
2484210
2484212
2484211
2484214
2484213
2494492
1518787
1518788
1518789
1518791
1518792
1518793
1518795
1518796
1518797
1518799
1518801
1518803
1518804
1518806
1518807
1518808
1518810
1518812
1518813
1518814
1518816
1518817
1518819
1518820
1518821
1518823
1518824
1518825
1518827
1518828
1518829
1518831
1518832
1518833
1518835
1518837
1518838
1518839
1518840
1518842
1518843
1518844
1518845
1518847
1518848
1518849
1518851
1518852
1518853
1518855
1518856
1518857
1518858
1518860
1518861
1518862
1518864
1518865
1518866
1518868
1518869
1518870
1518871
1518873
1518874
1518875
1518877
1518878
1518879
1518881
1518882
1518883
1518885
1518886
1518887
1518888
1518890
1518891
1518892
1518893
1518895
1518896
1518897
1518899
1518900
1518901
1518903
1518904
1518905
1518907
1518908
1518909
1518911
1518912
1518913
1518914
1518916
1518918
1518919
1518920
1518922
1518923
1518924
1518925
1518927
1518928
1518929
1518930
1518932
1518933
1518934
1518935
1518936
1518938
1518939
1518940
1518942
1518943
1518944
1518946
1518947
1518948
1518950
1518951
1518952
1518953
1518954
1518956
1518957
1518958
1518959
1518961
1518962
1518963
1518965
1518966
1518967
1518968
1518970
1518971
1518972
1518974
1518975
1518976
1518977
1518979
1518980
1518981
1518983
1518984
1518986
1518987
1518988
1518990
1518991
1518992
1518993
1518995
1518996
1518997
1518999
1519000
1519001
1519003
1519004
1519005
1519007
1519008
1519009
1519010
1519012
1519013
1519014
1519016
1519017
1519018
1519019
1519021
1519022
1519023
1519025
1519026
1519027
1519028
1519030
1519031
1519032
1519033
1519035
1519036
1519037
1519038
1519040
1519041
1519042
1519044
1519045
1519046
1519047
1519048
1519050
1519051
1519052
1519054
1519055
1519056
1519058
1519059
1519060
1519061
1519063
1519064
1520342
1520343
1520344
1520345
1520346
1520348
1520349
1520350
1520351
1520352
1520354
1520355
1520356
1520357
1520358
1520360
1520361
1520362
1520363
1520364
1520366
1520367
1520368
1520369
1520370
1520371
1520372
1520374
1520375
1520376
1520378
1520379
1520380
1520382
1520383
1520384
1520385
1520386
1520388
1520389
1520390
1520392
1520393
1520394
1520710
1520711
1520712
1520713
1520714
1520715
1520716
1520717
1520718
1520719
1520720
1520721
1520722
1520723
1520724
1520725
1520727
1520728
1520729
1520730
1520731
1520732
1520733
1520734
1520735
1520736
1520737
1520738
1520739
1520740
1520741
1520742
1520743
1520744
1520745
1520746
1520747
1520748
1520749
1520750
1520751
1520395
1520396
1520397
1520398
1520399
1520400
1520401
1520402
1520403
1520405
1520406
1520407
1520408
1520409
1520410
1520411
1520412
1520413
1520414
1520416
1520417
1520418
1520420
1520421
1520422
1520424
1520425
1520426
1520428
1520429
1520430
1520432
1520433
1520434
1520436
1520437
1520438
1520439
1520440
1520441
1520442
1520443
1520444
1520445
1520446
1520447
1520448
1520449
1520450
1520452
1520453
1520454
1520455
1520456