168643
168644
168645
168646
168647
168648
168649
168650
168651
168652
168653
168654
168655
168656
168657
168658
168659
168660
168661
168662
168663
168664
168665
168666
168667
168668
168669
1622178
1622180
1622181
1622182
1622184
1622185
1622186
1622187
1622189
1622190
1622192
1622193
1622194
1622195
1622197
1622198
1622199
1622200
1622202
1622203
1622204
1622205
1622207
1622208
1622209
1622211
1622213
1622214
1622215
1622217
1622218
1622219
1622221
1622222
1622223
1866030
1866031
1866033
1866034
1866035
1866036
1866038
1866039
1866040
1866041
1866043
1866044
1866045
1866046
1866048
1866049
1866050
1866051
1866053
1866054
1866055
1866056
1866057
1866059
1866061
1866062
1866063
1866064
1866066
1866067
1866068
1866069
1866071
1866072
1866073
1866074
1866075
1866077
1866078
1866079
1866080
1866220
1866221
1866222
1866223
1866224
1866225
1866226
1866227
1866229
1866230
1866231
1866232
1866233
1866234
1866235
1866236
1866237
1866238
1866239
1866240
1866241
1866242
1866243
1866244
1866245
1866246
1866248
1866249
1866250
1866251
1866252
1866253
1866254
1866255
1866256
1866257
1866258
1866259
1866260
1866261
1866262
1866263
1866264
1866265
1866266
1866267
1866268
1866269
1866270
192428
192429
192430
192434
192435
192437
192439
192443
192446
192449
192451
192454
192458
192462
192466
192468
192470
192472
192474
192477
192479
192485
192488
192491
192493
192494
192496
192498
192500
192501
197517
2046398
2046399
2046400
2046401
2046402
2046404
2046405
2046406
2046407
2046408
2046410
2046411
2046412
2046413
2046414
2046415
2046416
2046418
2046419
2046420
2046421
2046422
2046423
2046424
2046425
2046426
2046427
2046428
2046429
2046430
2046431
2046433
2046434
2046435
2046436
2046437
2046438
2047198
2047199
2047200
2047201
2047202
2047203
2047205
2047206
2047207
2047208
2047209
2047210
2047212
2047213
2047214
2047215
2047216
2047218
2047219
2047220
2047222
2047224
2047225
2047226
2047227
2047228
2047229
2047231
2047232
2047233
2047234
2047235
2047236
2047238
2047239
2047240
2047241
2047242
2047243
2047245
2047246
2047247
2047248
2047249
2047250
2047252
2047254
2047255
2047256
2047257
2047258
2047259
2047261
2047262
2047263
2047264
2047265
2047266
2047268
2047269
2047270
2047271
2047272
2047273
2047275
2047276
2047277
2047278
2047279
215628
215633
215636
215639
215642
215647
215650
215652
215654
215657
215660
215663
215665
215667
215669
215700
215704
215706
215708
215711
215713
215967
215968
215969
215970
215971
215973
215975
215976
215977
215978
219090
219092
237092
237093
237094
237095
237096
237097
237098
237099
237100
237101
237102
237103
237104
237105
237106
237107
237108
237109
237110
237111
237112
237113
237114
237115
237116
237117
237118
237119
237120
263408
263409
263504
263505
263506
263507
263508
263509
263510
263511
263512
263513
263515
263516
263517
263518
263521
263525
263527
263530
263531
263533
263535
263537
263539
263541
263542
263545
263547
263549
263550
263551
264217
264218
1095035
1095037
1095038
1095039
1095041
1095042
1095043
1095045
1095046
1095047
1095049
1095050
1095051
1095052
1095054
1095055
1095057
1095058
1095059
1095061
1095062
1095063
1095065
1095066
1095067
1095069
1095070
1095071
1095073
1095074
1095075
1095076
1029633
1029635
1029636
1029637
1029639
1029640
1029641
1029642
1029644
1029645
1029646
1029647
1029648
1029650
1029651
1029652
1029653
1029655
1029656
1029657
1029658
1029660
1029661
1029663
1029664
1029665
1029666
1029667
1029669
1029670
1029671
1029673
1029674
1029676
1029677
1029678
1029680
1029681
1029682
1166254
1166255
1166257
1166258
1166259
1166260
1166261
1166263
1166264
1166265
1166266
1166268
1166269
1166270
1166271
1166273
1166274
1166275
1166276
1166277
1166279
1166280
1166281
1166282
1166284
1166285
1166286
1166287
1166289
1166290
1166291
1166292
1166294
1166295
1166296
1166298
1166299
1166300
1166301
1166302
1166304
1166305
120783
120784
120785
120786
120787
120788
120789
120790
120791
120792
120793
120794
120795
120796
120797
120798
120799
120800
120801
120802
120803
120804
120805
120806
1294213
1294215
1294216
1294217
1294219
1294220
1294221
1294222
1294224
1294225
1294226
1294228
1294229
1294230
1294231
1294233
1294234
1294235
1294237
1294238
1294239
1294241
1294242
1294243
1294245
1294247
1294248
1294249
1294250
1294252
1294253
1294254
1294256
1294258
1294259
1294260
1377754
1377755
1377756
142622
142623
142624
142625
142626
142627
142628
142629
142630
142631
142632
142633
142634
142635
142637
142639
142641
142643
142645
142646
142647
142648
142650
1449717
1449719
1449720
1449721
1449722
1449724
1449725
1449726
1449728
1449729
1449730
1449732
1449733
1449734
1449736
1449737
1449738
1449740
1449741
1449742
1449744
1449745
1449746
1449747
1449749
1449751
1449752
1449753
1449754
1449756
1449757
1449758
1449760
1449761
1449762
1449763
290186
288608
288610
288611
288613
289101
288393
288395
288397
288399
288407
288572
288573
288574
288575
288576
288577
288578
288579
288580
288582
288585
288588
288595
288596
288597
288598
288599
288600
288603
288605
354406
354407
354408
354409
354410
354411
354412
354413
354415
354417
354418
354421
354424
354427
354435
354437
354441
354444
354754
354761
354764
354771
354774
354778
354782
354783
354788
354790
322577
322578
322579
322580
322581
322582
322583
322584
322585
322586
322587
322588
322589
322590
322591
322592
322593
322594
322595
322596
322597
322598
322599
322600
322601
322602
571987
571988
571989
571991
571992
571993
571995
571996
571997
571999
572000
572001
572003
572004
572005
572007
572008
572009
572011
572012
572013
572014
572016
572017
572018
572019
62403
62404
62405
62407
62411
62413
62414
62416
62417
62420
62422
62424
62425
62426
62428
62429
62431
62433
62434
62435
62436
502350
502351
502353
502354
502355
502357
502358
502359
502361
502362
502363
502365
502366
502367
502369
502370
502371
502372
502374
502375
502376
502378
502379
502381
502382
502383
502384
502385
502387
502388
502389
73661
73662
73663
73664
73665
73666
73667
73668
73669
73670
73671
73672
73673
73674
73675
73676
73677
73678
73679
73680
73681
97925
97926
97927
97928
97929
97930
97931
97932
97933
97934
97935
97936
97937
97938
97939
97940
97941
97942
97943
964715
964716
964717
964718
964719
964720
964721
964697
964698
964699
964700
964701
964702
964703
964704
964705
964706
964707
964708
964709
964710
964711
964712
964713
964714
2380299
2380298
2380304
2380305
2380302
2380303
2380300
2380301
2380313
2380314
2380315
2380316
2380310
2380312
2380307
2380306
2380309
2380308
2380328
2380329
2380338
2380337
2380336
2380335
2380334
2380333
2380332
2380331
2380330
2380317
2380318
2380319
2380325
2380324
2380327
2380326
2380321
2380323
2380322
2380339
2380342
2380341
2380340
2380118
2380121
2380120
2380127
2380129
2380128
2380123
2380122
2380125
2380124
2380132
2380131
2380130
2380139
2380138
2380137
2380136
2380135
2380134
2380141
2380143
2380142
2380145
2380144
2380147
2380146
2380149
2380150
2380154
2380152
2380151
2380158
2380157
2380156
2380155
2380159
2380168
2380169
2380166
2380167
2380164
2380162
2380163
2380161
2380177
2380178
2380173
2380174
2380175
2380176
2380170
2380171
2380188
2380189
2380182
2380183
2380180
2380181
2380187
2380184
2380185
2380190
2380191
2508466
2501990
2501991
2501992
2501993
2501995
2501994
2501997
2501996
2501998
2501989
2502050
2502051
2502054
2502055
2502052
2502053
2502058
2502056
2502057
2502040
2502041
2502042
2502043
2502044
2502045
2502046
2502047
2502048
2502049
2502016
2502017
2502018
2502019
2502011
2502010
2502013
2502012
2502015
2502007
2502008
2502006
2502009
2502038
2502039
2502035
2502034
2502037
2502036
2502031
2502030
2502033
2502032
2502029
2502027
2502028
2502026
2502025
2502024
2502023
2502022
2502021
2502020
