1718489
1718490
1718491
1718492
1718493
1718495
1718496
1718497
1718498
1718499
1718501
1718502
1718503
1718504
1718506
1718507
1718508
1718509
1718510
1718512
1718513
1718514
1718515
1718516
1718518
1718519
1718520
1718521
1718522
1718524
1718525
1718526
1718528
1718529
1718530
1718531
1718532
1718534
1718535
1718536
1718537
1718538
1718540
1718541
1718542
1935828
1935829
1935831
1935832
1935834
1935835
1935837
1935839
1935840
1935842
1935843
1935844
1935845
1935847
1935848
1935849
1935850
1935852
1935854
1935855
1935857
1935858
1935859
1935860
1935862
1935863
1935864
1935865
1935867
1935868
1935869
1935870
1935872
1935873
1935874
1935875
1935877
1935878
1935879
1935880
1935882
1935883
1935884
1935885
1935886
1935887
1935888
1935889
1935890
1935891
1935892
1935893
1935894
1935895
1935896
1935897
1935898
1935899
1935900
1935901
1935902
1935903
1935904
1935905
1935906
1935907
1935909
1935910
1935911
1935912
1935913
1935914
1935915
1935916
1935917
1935918
1935919
1935920
1935921
1935922
1935923
1935924
1935925
1935926
1935927
1935928
1935929
1935930
1935931
1935932
1935933
2124297
2124299
2124300
2124301
2124302
2124303
2124305
2124306
2124307
2124308
2124309
2124310
2124311
2124312
2124313
2124314
2124315
2124316
2124317
2124318
2124319
2124320
2124322
2124323
2124324
2124325
2124327
2124328
2124329
2124330
2124332
2124333
2124334
2124335
2124336
2124337
2124338
2124339
2124340
2124341
2124342
2124343
2124344
2124345
2124346
2124348
2124349
2124350
2124351
2124353
2124354
2124355
2124356
2124358
2124359
2124360
2124361
2124363
2124364
2124365
2124366
2124367
2124368
2124369
2124370
2124371
2124372
2124373
2124374
2124375
2124376
2124378
2124379
2124380
2124381
2124382
2124384
2124386
2124387
2124388
2124389
2124391
2124392
2124393
2124395
2124396
1341532
1341533
1341535
1341537
1341538
1341539
1341540
1341542
1341543
1341544
1341545
1341547
1341548
1341549
1341550
1341552
1341553
1341554
1341556
1341557
1341558
1341559
1341560
1341561
1341563
1341564
1498761
1498762
1498763
1498766
1498786
1498805
1498806
1498807
1498809
1498810
1498811
1498812
1498813
1498815
1498816
1498818
1498819
1498820
1498821
1498823
1498824
1498825
1498826
1498827
1498829
1498830
1498831
1498832
1498834
1498835
1498836
1498837
2433398
2433446
2433447
2433448
2433449
2433442
2433443
2433444
2433445
2433441
2433440
2433459
2433457
2433455
2433456
2433453
2433454
2433451
2433450
2433420
2433422
2433423
2433424
2433425
2433427
2433429
2433433
2433434
2433431
2433432
2433438
2433435
2433436
2433439
2433486
2433489
2433488
2433483
2433484
2433485
2433480
2433481
2433499
2433498
2433497
2433495
2433496
2433493
2433491
2433492
2433490
2433465
2433464
2433467
2433466
2433468
2433461
2433463
2433478
2433477
2433476
2433475
2433479
2433470
2433473
2433474
2433471
2433472
2433418
2433417
2433419
2433410
2433412
2433411
2433414
2433413
2433416
2433415
2433409
2433504
2433408
2433503
2433407
2433502
2433501
2433500
2433401
2433400
2433405
2433404
2433507
2433403
2433506
2433402
2433505
